frame.len
66
66
54
259
54
1474
1474
54
1423
345
107
104
96
433
348
110
96
54
92
54
92
54
514
1474
1474
502
54
54
1474
1474
54
1474
1474
54
1474
1474
54
1474
1474
1474
54
1474
54
1474
330
54
1474
1474
1474
1474
1474
1474
1474
1474
1474
1474
1474
1320
1474
1474
1474
1474
1474
1474
634
800
92
100
54
100
66
100
66
54
66
54
268
66
54
1474
1474
1424
54
66
345
54
278
107
104
96
324
54
1474
1474
54
846
345
364
465
270
348
110
96
54
92
54
92
351
54
92
100
54
100
54
1332
66
66
54
571
1474
1474
54
1474
1474
1474
54
1474
1474
1474
1474
54
1474
1474
1474
54
1474
54
205
1474
1474
1474
1474
54
1474
1474
1474
54
270
1474
1474
54
1334
1474
1474
1474
1474
54
1474
1474
1474
1474
54
1474
1474
1474
1474
54
1474
1474
54
1474
1474
54
1474
1474
54
1474
1474
54
1474
1474
54
1474
1474
1057
54
54
1474
1474
54
1474
1474
54
1474
1474
54
1474
1474
1474
1474
54
54
1474
1474
54
1474
1474
1474
54
1474
1474
54
1474
1474
54
1474
54
1474
1474
1474
1474
54
1474
1474
54
1474
1474
1474
1474
54
1474
1474
54
1474
1474
54
1474
1474
1474
54
1474
1474
1474
54
1474
1474
54
1474
1474
1474
54
1474
54
1474
1474
1474
54
1474
54
1474
1474
54
1474
1474
54
1474
1474
54
1474
1474
54
1474
1474
1474
54
1474
1474
54
1474
1474
54
1474
1474
54
1474
1474
54
1474
54
1474
1474
54
1474
1474
54
1474
1474
54
1474
1474
1474
1474
54
1474
1474
1474
54
1294
1474
54
1474
1474
1474
54
262
1474
1474
1474
54
1474
1474
54
1474
54
1474
1474
54
1474
1474
1474
54
1474
234
54
1474
54
1474
1294
1474
54
1474
54
1474
1474
54
1474
1474
1474
54
1474
1474
1474
1474
1474
1474
54
1474
1474
1474
54
1474
1474
54
1474
1474
234
1474
1474
1474
54
1474
1474
1474
1294
54
1474
1474
54
1474
1474
1294
54
1474
54
1474
1474
1474
54
1474
1474
54
1474
1474
54
1474
54
1474
1474
414
54
1474
1474
1474
54
1474
812
54
66
54
211
1260
54
100
100
66
54
257
1339
1474
1474
54
1474
1474
54
1474
1474
54
1474
1474
54
1474
1474
54
1474
1474
54
1474
1474
54
66
1474
1474
1474
54
1474
54
1474
1474
54
1474
1474
1474
1474
54
1474
1474
54
1474
1474
54
1474
1474
54
1474
1474
1474
54
1474
54
1474
1474
1474
1474
1474
54
1474
54
1474
1474
1474
54
1474
1474
54
1474
1294
234
1474
54
1474
54
1474
1294
1474
1474
54
1474
1474
54
1474
1474
1474
54
1474
66
1474
54
54
258
1474
54
1474
1474
1474
1474
54
1474
1474
1474
1474
54
1474
234
1474
54
1474
1294
54
1474
1474
1474
54
1474
1474
1474
54
1474
1474
1474
1474
54
1474
1474
1474
54
1474
1474
1474
54
1474
1474
54
1474
1474
234
54
1474
1474
54
1294
1474
54
1474
1474
1294
54
1474
54
1474
1474
1474
1474
1474
54
55
1474
1474
54
54
1474
1474
1423
54
54
1474
1474
1474
54
1474
1474
54
55
1474
1474
1474
414
1474
1474
1474
54
1114
1474
1474
1474
54
1474
54
1474
1474
1474
54
1474
1474
1474
54
1474
1474
1474
54
345
1474
1474
54
1474
1474
54
1474
1474
414
1474
54
1474
1294
1474
1294
54
54
1474
1474
1474
1294
54
1474
1474
54
1353
54
54
66
107
104
96
818
1474
682
1474
54
351
54
345
54
107
104
96
432
54
54
54
54
66
348
110
96
54
92
54
92
54
357
54
92
100
54
100
348
110
96
54
92
54
92
54
249
54
1474
126
54
100
54
1340
1474
1474
1474
54
1474
1474
1474
54
1474
1474
1474
54
1474
54
1474
1474
1474
1474
54
1474
1474
1474
1474
54
1474
1474
1474
54
1474
1474
1474
54
1474
1474
1474
1474
54
1474
1474
1474
54
1474
54
1474
1474
1474
54
1474
54
1474
1474
1474
54
1474
1474
54
1474
1474
1474
1474
1434
54
1474
94
1065
54
525
286
1341
66
1474
1474
1474
1474
1474
1474
54
1474
1474
1474
54
1474
1474
1474
54
1474
1474
1474
54
1474
1474
54
1474
1474
1474
1474
54
1474
54
1474
1474
1474
1474
54
1474
1474
54
1474
1474
1474
54
1474
1474
1474
1474
54
1474
1474
54
1474
1474
1474
1474
54
1474
1474
54
514
1474
1474
54
1474
54
423
1294
234
1474
1474
1474
1474
1474
54
1474
1474
1474
1474
54
594
1474
1474
1294
1474
1474
54
1474
1474
54
1474
1474
54
1474
1474
54
1474
1474
1474
234
1474
1474
1474
1474
1294
1474
1474
1474
1474
1474
1474
1474
54
1474
1474
1474
1474
54
1474
1474
1474
1474
54
1474
1474
1474
234
54
1474
1474
1474
54
606
54
733
1344
128
92
100
54
100
66
54
271
1474
1474
54
1474
1474
1474
54
1474
1474
54
1474
1474
1474
1474
1474
1474
1474
1474
1474
1474
1474
1474
1474
54
1474
1474
1474
1474
54
1474
1474
1474
1474
1474
1474
1474
1474
1474
54
1474
1474
1474
54
1474
1474
1474
1474
54
1474
1474
1474
1474
1474
54
1474
782
746
1474
1474
1474
1474
1294
1474
1474
138
92
100
1474
1474
1474
1474
1474
1474
54
54
1474
1474
54
1474
54
100
1474
1474
1474
1474
54
1474
1474
54
1474
234
1474
1474
1474
1474
1474
1474
1474
1474
54
1474
1474
1474
1474
54
1294
1474
54
1474
1474
1474
54
1474
1474
54
1474
1474
54
1474
54
1474
234
54
1474
1474
54
1474
1474
1474
1474
1474
1474
1474
1474
1474
1474
54
1474
1474
1474
54
1474
1114
1474
54
1474
1474
54
1474
54
1474
54
1474
414
1474
1474
54
1474
1474
54
1474
1474
54
1474
1474
1474
1474
54
1474
1474
1294
1474
54
1474
1474
54
1474
1294
1474
1474
1474
1474
1474
414
54
1474
1474
1294
54
1474
54
1474
1474
1474
54
1474
1474
1474
1474
1474
1474
1474
1474
1474
1474
1474
54
1474
1474
1114
54
1474
1474
594
54
1474
1474
54
1474
1474
54
1474
1474
54
54
1474
1474
1474
54
1474
1474
54
1474
1474
1474
1474
54
1474
54
1474
1474
1474
1474
1474
1474
1474
1474
1474
1474
1474
1474
1474
105
92
100
105
92
100
1474
1474
1474
1474
1474
54
54
1474
1474
1474
54
100
100
1474
1474
66
1474
1474
1474
1474
1474
66
66
74
74
74
1474
1474
74
74
1474
74
1474
1474
74
82
1474
1474
1474
82
82
82
1474
1474
90
90
1474
1474
1474
1474
1474
1474
1474
1474
1474
1474
1474
1474
105
100
1474
1474
1474
1474
1474
1474
1474
1474
1474
1474
1474
1474
1474
1474
90
90
90
90
90
90
90
90
90
90
90
90
66
90
90
90
90
90
90
90
90
90
90
90
90
90
90
1474
1474
1187
1474
1474
1474
90
90
66
90
90
90
1474
1474
1474
1474
1474
1474
1474
1474
1474
1474
1474
1474
1474
1474
1474
1474
1474
1474
1474
105
92
100
1474
1474
1474
1474
90
90
90
90
90
90
90
90
90
90
90
90
90
90
90
90
90
90
90
66
66
66
90
90
90
90
1474
1474
1474
1474
1474
54
1474
1474
90
90
90
90
90
90
90
1474
90
1474
90
1474
90
1474
90
1474
90
1474
90
1474
90
1474
1474
90
90
1474
1474
1474
1474
1474
1474
1474
1474
1474
1474
1474
1474
1474
1474
90
90
90
90
90
90
90
90
90
90
90
90
90
90
1474
1474
1474
1474
90
90
90
82
1474
74
1474
74
1474
74
1474
74
1474
1474
1474
74
74
74
1474
74
1474
74
1474
1474
66
66
1474
1474
66
66
1474
1474
66
66
1474
1474
66
66
1474
54
1474
1474
54
1474
1474
1474
1474
54
1474
1474
1474
1474
1474
54
54
1474
1474
1474
1474
54
1474
1474
54
1474
1474
1474
54
1474
1474
54
1474
1474
1474
54
1474
1474
54
1474
54
1474
1474
1474
1474
54
1474
1474
1474
1474
54
1474
1474
1474
1474
1474
1474
1474
54
1474
1474
1474
1474
1474
54
54
1474
1474
54
1474
1474
1474
54
1474
1474
1474
1474
54
1474
54
1474
1474
54
1474
1474
54
1474
1474
54
1474
1474
54
1474
1474
1474
1474
1474
54
1474
1474
54
1474
1474
54
1474
54
1474
1474
1474
1474
1474
1474
54
1474
1474
54
1474
1474
54
1474
1474
54
1474
1474
1474
54
1474
1474
1474
54
1474
1474
1474
1474
1474
54
1474
1474
1474
54
1474
1474
1474
54
1474
54
1474
1474
1474
54
1474
1474
54
1474
54
1474
1474
54
1474
1474
1474
54
1474
1474
54
1474
1474
1474
54
1474
1474
54
1474
1474
1474
54
1474
1474
1474
1474
1474
54
1474
1474
54
1474
1474
1474
54
1474
1474
54
1474
1474
1474
1474
54
1474
1474
1474
54
1474
1474
54
1474
1474
1474
54
1474
1474
54
1474
54
1474
1474
1474
1474
1474
1474
1474
1474
66
1474
1474
1474
1474
1474
1474
66
66
66
66
66
66
1474
1474
1474
1474
1474
74
74
74
74
82
1474
1474
1474
1474
1474
1474
1474
1474
1474
82
82
82
82
82
90
90
90
90
1474
1474
1474
1474
1474
1474
1474
1474
1474
1474
1474
1474
90
90
90
90
90
90
90
90
90
90
90
90
1474
1474
1474
1474
1474
90
90
90
90
90
1474
1474
1474
1474
92
90
90
90
66
54
1474
1474
1474
90
90
100
90
100
1474
90
1474
1474
1474
1474
1474
1474
1474
1474
90
90
90
90
90
90
90
90
1474
1474
1474
1474
1474
1474
90
90
90
90
90
90
1474
1474
1474
1474
90
90
90
90
1474
1474
1474
90
90
90
1474
1474
1474
1474
1474
90
90
90
90
90
1474
1474
1474
1474
82
82
82
82
1474
1474
82
82
1474
74
1474
1474
74
74
1474
66
1474
66
1474
66
1474
1474
54
54
1474
1474
1474
1474
1474
54
1474
1474
1474
54
1342
1474
1474
54
1474
1474
1474
1474
54
1474
1474
1474
1474
54
1474
1474
1474
54
1474
1474
54
1474
1474
1474
54
1474
1474
54
1474
1474
54
1474
1474
54
1474
1474
54
1474
1474
1474
54
1474
54
1474
1474
1474
1474
1474
54
1474
54
1474
1474
54
1474
1474
54
1474
1474
1474
54
1474
54
1474
1474
54
1474
1474
1474
54
1474
54
1474
1474
54
1474
1474
1474
1474
1474
54
1474
1474
1474
54
1474
1474
54
1474
1474
1474
54
1474
1474
54
1474
1474
54
1474
1474
54
1474
1474
1474
1474
1474
1474
54
1474
1474
1474
54
54
1474
1474
1474
1474
1474
54
1474
1474
1474
54
1474
1474
54
54
1474
1474
54
1474
1474
1474
1474
1474
1474
54
1474
1474
54
1474
1474
54
54
1474
1474
1474
66
54
1474
1474
66
1294
1474
1474
1474
1474
66
66
74
82
90
1474
1474
1474
90
90
90
1474
1474
90
90
1474
1474
90
90
1474
1474
90
90
1474
90
1474
1474
1474
90
74
74
1474
1474
1474
90
90
90
1474
1474
1474
234
90
90
82
90
1474
90
1474
1294
1474
90
90
90
1474
1474
1474
1474
1474
1474
1474
90
90
90
90
90
90
90
1474
1474
1474
90
90
90
1474
1474
90
90
1474
1474
1474
90
90
90
1474
1474
234
277
1474
90
90
90
90
90
1474
1474
1474
90
90
90
1474
1294
1474
90
90
90
1474
90
1474
1474
1474
1474
1474
1474
1474
1474
90
90
90
90
90
90
90
90
1474
1474
1474
1474
90
90
90
90
1474
1474
90
90
1474
1474
1474
1474
90
90
90
90
1474
1474
1474
1474
1474
54
54
1474
1474
90
90
82
90
90
90
90
1474
1474
1474
1474
1474
90
90
82
82
74
1474
1474
1474
1474
1474
74
74
66
54
66
1474
66
1474
54
1474
54
1474
1474
54
1474
1294
1474
1474
54
1474
1474
54
1474
1474
414
1474
1474
1474
1474
1474
1474
1474
1474
1474
1474
1474
1474
1474
1474
1474
1474
1474
1474
1474
1474
1474
1474
1474
1474
1474
1474
1474
1474
54
1474
1474
1474
1474
54
1474
1474
54
1474
54
1474
1474
1474
54
1474
54
1474
1474
1474
54
1474
1474
54
1474
1474
1474
54
1474
1474
1474
1474
1474
1474
54
1474
1474
54
1474
1474
1474
54
1474
1474
54
1474
1474
54
1474
54
1474
1474
1474
54
1474
1474
54
1474
1474
1474
1474
54
1474
54
1474
1474
486
54
1345
1474
1474
54
1474
1474
1474
54
1474
1474
54
1474
54
1474
1474
1474
1474
54
1474
1474
54
1474
1474
1474
54
1474
1474
54
1474
1474
1474
1474
1474
54
1474
1474
1474
54
1474
1474
54
1474
1474
1474
1474
54
1474
54
1474
1474
1474
1474
54
1474
1474
1474
1474
1474
54
1474
1474
54
1474
1474
1474
1474
54
1474
1474
1474
54
1474
1474
54
1474
1474
1474
54
1474
1474
1474
1474
54
1474
1474
54
1474
1474
66
1474
1474
1474
66
66
66
1474
1474
66
66
1474
1474
1474
1474
74
74
82
82
1474
1474
1474
90
90
90
1474
1474
1474
1474
90
90
90
90
1474
1474
1474
1474
90
90
90
90
1474
1474
90
90
1474
1474
1474
1474
1474
90
90
90
90
90
1474
1474
1474
1474
1474
1474
1474
1474
1474
1474
90
90
90
90
90
90
90
90
90
90
1474
90
1474
1474
1474
90
90
90
1474
1474
90
90
1474
1474
90
90
1474
1474
90
90
1474
1474
1474
1474
90
90
90
90
1474
1474
90
90
1474
1474
1474
1474
90
90
90
90
1474
1474
1474
1474
90
90
90
90
1474
90
1474
90
1474
1474
1474
1474
1474
1474
1474
1474
1474
90
90
90
90
90
90
90
82
74
1474
1474
1474
1474
1474
1474
74
74
74
74
74
74
1474
66
1474
54
1474
1474
1474
54
1474
1474
1474
1474
54
1474
1474
1474
54
1474
1258
54
1474
270
1474
1474
54
1474
1474
1474
1474
1474
1474
1474
1474
1474
54
1474
1474
1474
54
1474
1474
1474
1474
1474
54
1474
54
1474
1474
1474
54
1474
1474
54
1474
1474
54
1474
54
1474
1474
1474
54
1474
1474
1474
54
1474
1474
1474
1474
54
1474
1474
54
1474
1474
1474
1474
54
1474
1474
1474
1474
54
1474
1474
1474
54
1474
54
1474
1474
1474
1474
1474
54
1474
1474
54
1474
1474
1474
1474
54
1474
54
1474
1474
1474
1474
54
1474
1474
1474
1474
1474
1474
54
1474
1474
1474
54
1474
1474
1474
54
1474
1474
54
1474
1474
54
1474
1474
1474
54
1474
54
1474
1474
1474
1474
54
1474
1474
1474
1474
54
1474
1474
54
1474
1474
1474
1474
54
1474
1474
54
1474
1474
1474
54
1474
1474
54
1474
54
1474
1474
54
1474
1474
54
1474
1474
1474
1474
54
1474
1474
1474
54
1474
1474
1474
54
1474
1474
1474
54
1474
1474
1474
54
1474
1474
54
1474
1474
1474
54
1474
1474
1474
1474
1474
1474
1474
54
1474
1474
1474
1474
1474
54
1474
1474
54
1474
1474
1474
54
54
1474
1474
54
1474
1474
1474
1474
54
1474
1474
1474
54
1474
1474
54
1474
1474
54
345
1474
1474
1474
54
1474
1474
54
1474
1474
1474
1474
54
1474
1474
1474
54
1474
1474
1474
1474
54
1474
1474
1474
1474
54
1474
1474
1474
54
1474
1474
54
1474
1474
54
1474
1474
1474
1474
1474
54
1474
1474
1474
1474
1474
54
107
104
96
636
1474
1474
54
1474
1474
54
1474
1474
1474
54
1474
1474
1474
1474
54
1474
1474
54
1474
1474
1474
1474
1474
1474
1474
1474
54
1474
1474
1474
1474
54
1474
1474
1474
54
1474
1474
1474
1474
1474
1474
1474
1474
1474
1474
54
1474
1474
1474
54
1474
1474
1474
1474
54
1474
1474
54
1474
1474
1474
54
1474
54
1474
1474
1474
1474
1474
1474
54
1474
1474
54
1474
1474
54
1474
1474
1474
1474
1474
54
1474
1474
54
1474
1474
54
1474
1474
54
1474
1474
54
1474
1474
54
1474
1474
54
1474
1474
1474
54
1474
1474
54
1474
1474
1474
54
1474
1474
1474
1474
1474
1474
1474
54
1474
1474
1474
1474
1474
1474
54
1474
1474
1474
1474
1474
1474
1474
54
1474
1474
54
1474
54
1474
1474
1474
1474
54
1474
1474
1474
54
1474
1474
1474
54
1474
1474
1474
1474
54
562
1474
1474
54
1474
1474
54
1474
1474
1474
54
1474
1474
1474
1474
54
1474
54
1474
1474
1474
1474
54
1474
1474
1474
54
1474
1474
54
1474
1474
1474
54
1474
1474
1474
1474
1474
54
1474
1474
54
1474
1474
1474
54
1474
1474
54
1474
1474
54
1474
1474
54
1474
1474
54
1474
1474
1474
54
1474
1474
54
1474
1474
54
1474
1474
1474
54
1474
1474
1474
1474
54
1474
1474
54
1474
1474
1474
54
1474
1474
1474
54
1474
1474
1474
54
1474
1474
1474
54
1474
1474
1474
1474
54
1474
1474
54
1474
1474
1474
54
1474
54
1474
1474
1474
364
110
54
54
92
96
1474
1474
1474
54
1474
1474
1474
54
1474
54
1474
1474
1474
54
1474
1474
1474
54
1474
1474
1474
54
92
1474
54
54
1474
1474
1474
1474
54
1474
1474
54
1474
1474
1474
54
1474
54
1474
1474
54
1474
1474
1474
54
1474
1474
1474
54
54
1474
1474
1474
54
559
1474
54
1474
1474
54
1474
1474
54
1474
1474
1474
1474
1474
54
1474
1474
1474
1474
54
1474
1474
1474
1474
1474
1474
54
1474
1474
54
1474
1474
1474
54
1474
1474
1474
54
1474
1474
1474
54
1474
1474
1474
54
1474
1474
1474
1474
54
1474
1474
54
1474
54
1474
1474
1474
54
1474
54
1474
1474
1474
54
1474
54
1474
1474
1474
54
1474
1474
1474
54
1474
1474
1474
1474
54
1474
1474
54
1474
1474
54
1474
1474
1474
54
1474
54
1474
1474
54
1474
1474
1474
1474
1474
54
1474
54
1474
1474
54
1474
1474
54
1474
1474
1474
54
1474
1474
1474
1474
1474
1474
1474
1474
1474
54
1474
1474
54
1474
1474
1474
1474
1474
54
1474
1474
54
1474
1474
54
1474
1474
54
1474
1474
54
1474
1474
1474
54
1474
1474
54
1474
1474
446
134
100
54
54
100
1474
1474
1474
1474
1474
1474
1474
1474
54
1474
1474
1474
1474
54
1474
54
1474
1474
1474
1474
54
1474
1474
1474
1474
54
1474
1474
54
1474
1474
1474
54
1474
1474
1474
1474
54
1474
1474
54
1474
1474
1474
54
1474
1474
54
1474
1474
1474
54
1474
1474
1474
54
1474
1474
54
1474
1474
54
1474
54
1474
1474
1474
54
1474
54
1474
1474
1474
1474
54
1474
1474
54
1474
1474
54
1474
1474
54
1474
1474
54
1474
54
1474
54
1474
1474
54
1474
1474
54
1474
1474
54
1474
1474
54
1474
1474
54
1474
1474
54
1474
1474
1474
54
1474
54
1474
1474
1474
1474
1474
1474
54
1474
1474
1474
1474
1474
54
1474
1474
105
92
100
54
54
100
1474
1474
1474
54
1474
1474
54
1474
1474
54
1474
1474
1474
54
1474
1474
1474
54
1474
1474
54
1474
1474
54
1474
1474
54
1474
1474
1474
54
1474
54
1474
1474
1474
54
1474
1474
1474
54
1474
1474
1474
1474
1474
54
1474
1474
1474
54
1474
1474
1474
54
1474
1474
54
1474
1474
1474
1474
1474
1474
1474
54
1474
1474
1474
1474
54
1474
1474
1474
1474
1474
1474
1474
54
1474
1474
1474
1474
54
1474
1474
1474
54
1474
1474
1474
1474
1474
54
1474
1474
54
1474
1474
1474
54
1474
1474
54
1474
1474
54
1474
1474
54
1474
1474
1474
1474
54
1474
1474
54
1474
1474
54
1474
105
92
100
54
100
1474
54
1474
1474
1474
1474
1474
1474
1474
54
1474
1474
1474
1474
1474
1474
54
1474
54
1474
1474
1474
1474
1474
1474
1474
1474
54
1474
1474
1474
1474
1474
54
1474
1474
1474
54
1474
1474
1474
54
1474
1474
54
1474
1474
1474
54
1474
1474
1474
54
1474
1474
54
1474
1474
54
1474
1474
1474
54
1474
1474
54
1474
1474
54
1474
1474
54
1474
1474
1474
1474
1474
1474
1474
1474
1474
54
1474
1474
1474
1474
1474
54
1474
1474
1474
54
1474
1474
1474
54
1474
1474
1474
54
1474
1474
54
1474
1474
54
1474
54
1474
1474
1474
54
1474
1474
1474
1474
1474
1474
1474
1474
1474
54
1474
1474
1474
1474
1474
1474
54
1474
1474
1474
54
1474
1474
1474
1474
54
1474
1474
1474
54
1474
1474
54
1474
1474
54
1474
1474
1474
1474
1474
1474
1474
1474
1474
1474
1474
1474
1474
1474
1474
54
1474
1474
1474
1474
1474
54
1474
1474
1474
54
1474
1474
1474
54
1474
1474
1474
54
1474
1474
1474
1474
1474
54
1474
1474
1474
54
1474
1474
54
1474
1474
54
1474
1474
1474
1474
54
1474
1474
54
1474
1474
1474
54
1474
1474
1474
1474
54
1474
1474
54
1474
1474
1474
54
1474
1474
54
1474
1474
1474
54
1474
1474
1474
1474
54
1474
1474
1474
1474
54
1474
1474
54
1474
1474
1474
54
1474
1474
54
1474
1474
1474
54
1342
1474
1474
1474
54
1474
1474
1474
54
1474
1474
54
1474
1474
1474
54
1474
54
1474
1474
1474
54
1474
1474
54
1474
54
1474
1474
54
1474
1474
1474
54
1474
1474
1474
54
1474
1474
54
1474
1474
1474
54
1474
1474
54
1474
1474
1474
54
1474
1474
54
1474
1474
1474
54
1474
1474
1474
54
1474
1474
1474
54
1474
1474
54
1474
1474
54
1474
1474
54
1474
54
1474
54
1474
1474
54
1474
1474
54
1474
1474
1474
54
1474
1474
54
1474
1474
1474
54
1474
54
1474
1474
1474
1474
54
1474
1474
1474
1474
66
66
54
1474
1474
66
66
1474
1474
66
66
1474
66
1474
1474
66
1474
66
1474
1474
1474
1474
1474
1474
1474
1474
66
74
66
82
90
90
90
74
1474
1474
1474
1474
90
90
90
82
1474
1474
1474
90
90
90
1474
1474
1474
82
82
90
1474
1474
82
82
1474
1474
1474
90
90
90
1474
1474
90
90
1474
1474
1474
1474
1474
90
90
90
90
90
1474
1474
1474
90
90
90
1474
90
1474
1474
1474
90
90
90
1474
1474
90
90
1474
1474
90
90
1474
1474
1474
90
90
90
1474
90
1474
1474
1474
90
90
90
1474
90
1474
1474
1474
90
90
90
1474
1474
90
90
1474
90
1474
1474
90
90
1474
90
1474
1474
1474
1474
1474
1474
1474
1474
1474
1474
1474
1474
1474
90
90
90
90
90
90
90
90
90
90
90
90
90
1474
1474
1474
1474
1474
1474
90
90
90
90
82
74
1474
1474
1474
1474
90
74
90
90
1474
90
1474
1474
82
82
1474
1474
1474
66
66
82
1474
82
1474
74
1474
1474
1474
66
74
74
1474
1474
66
66
1474
66
1474
66
1474
54
1474
54
1474
1474
54
1474
1474
54
1474
54
1474
1474
1474
1474
54
54
1474
1474
1474
1474
1474
1474
54
54
1474
1474
1474
1474
1474
1474
1474
1474
1474
1474
1474
1474
54
54
1474
1474
1474
54
54
1474
1474
1474
1474
1474
1474
54
54
1474
1474
1474
1474
1474
1474
1474
54
54
1474
1474
1474
54
1474
1474
1474
1474
1474
1474
54
54
1474
1474
1474
54
1474
1474
1474
1474
1474
54
54
1474
1474
54
1474
1474
54
1474
1474
54
1474
1474
1474
54
1474
54
1474
54
1474
1474
1474
54
1474
54
1474
1474
1474
1474
54
1474
1474
1474
1474
54
54
1474
1474
54
1474
1474
54
1474
1474
1474
54
54
1474
1474
54
1474
1474
54
1474
1474
551
54
1474
1474
54
1474
54
1474
1474
54
1474
1474
54
1474
1474
54
1474
1474
54
1474
1474
54
1474
1474
54
1474
1474
54
1474
1474
54
1474
1474
54
1474
1474
54
1474
1474
54
1474
1474
54
1474
1474
1474
1474
54
1474
1474
1474
54
1474
54
1474
1474
54
1474
1474
54
1474
1474
54
1474
1474
54
1474
1474
54
1474
1474
1474
54
1474
1474
54
1474
54
1474
1474
1474
54
1474
54
1474
1474
1474
54
1474
1474
1474
54
1474
1474
1474
54
1474
54
1474
1474
54
1474
1474
54
1474
1474
54
1474
1474
1474
1474
1474
1474
1474
54
1474
1474
1474
54
1474
1474
1474
54
1474
1474
54
1474
1474
1474
54
1474
1474
54
1474
1474
54
1474
1474
54
1474
1474
1474
1474
1474
1474
1474
54
1474
1474
1474
54
1474
1474
1474
54
1474
1474
54
1474
1474
1474
54
1474
1474
54
1474
1474
54
1474
1474
54
1474
1474
54
1474
1474
54
1474
1474
1474
1474
54
1474
1474
1474
1474
54
1474
1474
54
1474
1474
54
1474
1474
54
1474
1474
54
1474
1474
1474
1474
54
1474
1474
1474
1474
54
1474
115
54
100
66
55
66
193
439
54
54
166
1474
54
1308
100
54
100
54
66
66
54
571
54
214
270
107
104
96
110
92
96
54
92
54
54
1345
1474
1474
54
1474
1474
1474
54
1474
1474
1474
1474
1474
1474
1474
1474
54
1474
1474
1474
54
1474
1474
1474
54
1474
54
1474
1474
1474
54
1474
1474
54
1474
1474
54
1474
54
1474
1474
54
1474
1474
54
1474
1474
54
1474
1474
1474
1474
54
1474
1474
54
1474
1474
54
1474
1474
54
1474
1474
1474
54
1474
1474
1474
54
1474
1474
1474
54
1474
1474
54
1474
54
1474
1474
54
1474
1474
1474
54
1474
1474
54
1474
1474
54
1474
1474
54
1474
54
1474
1474
54
1474
1474
1474
54
1474
1474
54
1474
1474
54
1474
1474
54
1474
1474
1474
54
1474
1474
1474
1474
1474
54
1474
1474
54
1474
54
1474
1474
54
1474
1474
54
1474
1474
1474
1474
54
1474
1474
54
1474
1474
54
1474
1474
54
1474
1474
1474
54
1474
1474
1474
54
1474
1474
54
1474
1474
1474
1474
1474
1474
1474
1474
54
1474
1474
1474
1474
54
1474
1474
1474
1474
54
1474
1474
54
1474
1474
1474
1474
54
1474
1474
1474
54
1474
1474
1474
54
1474
1474
54
1474
1474
1474
1474
54
1474
1474
54
1474
1474
1474
54
1474
54
1474
1474
1474
1474
1474
54
1474
1474
1474
54
1474
1474
54
1474
1474
1474
54
1474
54
1474
1474
1474
1474
1474
1474
1474
1474
54
1474
1474
1474
1474
54
1474
1474
54
1474
1474
54
1474
1474
1474
54
1474
54
1474
1474
1474
1474
54
1474
1474
54
1474
1474
54
1474
1474
1474
54
1474
1474
1474
54
1474
1474
1474
54
1474
1474
54
1474
1474
1474
1474
1474
1474
1474
1474
1474
54
1474
1474
1474
1474
54
1474
1474
54
1474
1474
1474
54
1474
54
1474
1474
1474
1474
54
1474
1474
54
1474
1474
54
1474
1474
54
1474
1474
54
1474
1474
54
1474
1474
54
1474
1474
54
1474
1474
1474
54
1474
54
1474
1474
54
1474
1474
1474
54
1474
54
1474
1474
1474
1474
54
1474
1474
54
1474
1474
54
1474
1474
54
1474
1474
1474
54
1474
54
1474
1474
54
1474
1474
54
1474
1474
1474
54
1474
1474
54
1474
1474
54
1474
1474
1474
1474
1474
1474
54
1474
1474
1474
1474
54
1474
1474
1474
54
1474
1474
54
1474
1474
1474
54
1474
54
1474
1474
54
1474
1474
1474
54
1474
54
1474
1474
1474
1474
54
1474
1474
1474
54
1474
1474
54
1474
54
1474
1474
1474
54
1474
1474
54
1474
54
1474
1474
1474
54
1474
54
1474
1474
1474
54
1474
1474
54
1474
54
1474
1474
54
1474
1474
1474
54
1474
1474
1474
1474
1474
54
1474
1474
54
1474
1474
54
1474
1474
54
1474
1474
1474
54
1474
54
1474
1474
1474
54
1474
1474
54
1474
1474
1474
1474
1474
1474
1474
54
1474
1474
1474
54
1474
1474
1474
54
1474
1474
54
1474
1474
1474
54
1474
1474
1474
54
1474
1474
1474
54
1474
54
1474
1474
1474
54
1474
1474
54
1474
1474
54
1474
1474
54
1474
54
1474
1474
1474
54
1474
1474
1474
1474
1474
54
1474
1474
54
1474
1474
1474
54
1474
1474
54
1474
1474
1474
54
1474
1474
54
1474
1474
54
1474
1474
54
1474
1474
1474
1474
54
1474
1474
1474
54
1474
54
1474
1474
54
1474
1474
54
1474
1474
54
1474
1474
1474
54
1474
1474
54
1474
1474
54
1474
1474
1474
54
1474
1474
54
1474
1474
1474
1474
1474
1474
1474
1474
1474
1474
54
1474
1474
1474
1474
54
1474
1474
1474
1474
1474
1474
1474
1474
1474
1474
54
1474
1474
1474
1474
1474
54
1474
1474
1474
1474
54
1474
1474
1474
1474
1474
1474
1474
54
1474
1474
1474
54
1474
1474
1474
1474
1474
54
1474
1474
1474
54
1474
1474
1474
1474
1474
1474
1474
1474
1474
1474
1474
1474
1474
1474
1474
1474
1474
1474
1474
54
1474
1474
1474
54
1474
1474
54
1474
1474
1474
1474
54
1474
1474
54
1474
1474
54
1474
54
1474
1474
1474
1474
1474
1474
54
1474
1474
1474
1474
54
1474
1474
54
1474
1474
1474
54
1474
1474
1474
1474
54
654
1045
1474
1474
1474
1474
54
1474
1474
1474
1474
1474
54
1474
1474
54
1474
1474
1474
54
1474
54
1474
1474
54
1474
1474
1474
1474
54
1474
1474
1474
1474
1474
54
1474
54
1474
1474
54
1474
1474
54
1474
1474
1474
1474
54
1474
1474
54
1474
1474
1474
1474
54
1474
1474
54
1474
1474
1474
1474
54
1474
1474
1474
1474
54
1474
1474
54
1474
1474
54
1474
1474
1474
1474
1474
54
1474
1474
1474
54
1474
1474
1474
54
1474
1474
54
1474
1474
54
1474
1474
1474
1474
1474
1474
1474
1474
1474
1474
54
1474
54
1474
1474
54
1474
1474
1474
54
1474
1474
54
1474
1474
1474
54
1474
1474
1474
1474
54
1474
1474
54
1474
1474
1474
54
1474
1474
54
1474
54
1474
1474
1474
54
1474
1474
54
1474
1474
54
1474
54
1474
1474
1474
1474
1474
54
1474
1474
54
1474
1474
1474
54
1474
1474
54
1474
1474
1474
1474
54
1474
1474
1474
1474
54
1474
1474
1474
1474
1474
1474
54
1474
1474
54
1474
1474
1474
54
1474
1474
54
1474
1474
1474
1474
1474
1474
54
1474
1474
1474
1474
54
1474
1474
1474
54
1474
1474
1474
1474
1474
1474
1474
54
1474
1474
1474
1474
54
1474
1474
1474
54
1474
1474
1474
1474
1474
54
1474
54
1474
1474
54
1474
54
1474
1474
1474
54
1474
1474
1474
54
54
1474
54
1474
1474
54
1474
1474
54
1474
1474
1474
54
1474
54
1474
1474
1474
1474
1474
1474
54
1474
1474
54
1474
218
92
100
1474
54
54
1474
1474
100
54
1474
1474
1474
54
1474
54
1474
1474
1474
1474
1474
1474
1474
54
1474
54
1474
1474
1474
1474
1474
54
1474
54
1474
1474
1474
1474
1474
1474
54
1474
1474
1474
54
1474
1474
54
1474
1474
54
1474
1474
1474
54
1474
1474
1474
54
1474
54
1474
1474
54
1474
1474
54
1474
1474
54
1474
1474
54
1474
1474
1474
54
1474
1474
54
1474
54
1474
1474
1474
1474
54
1474
1474
54
1474
1474
1474
54
1474
1474
66
54
1474
1474
54
1474
1474
1474
54
1474
1474
1474
1474
54
1474
1474
54
1474
1474
54
1474
1474
1474
54
1474
54
1474
1474
54
1474
1474
54
1474
1474
1474
54
1474
54
1474
1474
54
1474
1474
54
1474
1474
1474
1474
1474
1474
54
1474
1474
1474
1474
1474
54
1474
1474
1474
54
1474
1474
1474
54
1474
1474
1474
54
1474
1474
54
1474
1474
1474
1474
54
1474
1474
1474
1474
1474
54
1474
54
1474
1474
54
1474
1474
1474
1474
1474
1474
1474
1474
1474
1474
1474
54
1474
1474
1474
1474
1474
54
1474
1474
1474
54
1474
1474
54
1474
1474
1474
1474
54
1474
54
1474
1474
1474
54
1474
1474
54
1474
54
1474
1474
1474
1474
1474
1474
1474
1474
1474
54
1474
1474
1474
1474
54
1474
1474
54
1474
1474
1474
54
1474
1474
1474
1474
54
1474
1474
54
1474
1474
54
1474
1474
54
1474
1474
1474
54
1474
1474
54
1474
1474
54
1474
1474
54
1474
1474
1474
1474
1474
1474
1474
1474
1474
1474
1474
1474
1474
54
54
1474
1474
1474
1474
1474
54
1474
1474
1474
54
1474
1474
54
1474
1474
54
1474
1474
1474
54
1474
1474
54
1474
1474
54
1474
1474
54
1474
54
1474
1474
1474
54
1474
1474
1474
1474
1474
54
1474
1474
1474
66
1474
1474
54
54
260
1474
1474
54
1474
1474
1474
54
1474
1474
54
1474
1474
1474
1474
1474
54
1474
1474
1474
1474
54
1474
1474
54
1474
1474
54
1474
1474
54
1474
54
1474
1474
54
1474
1474
54
1474
1474
1474
54
1474
1474
54
1474
1474
1474
54
1474
1474
1474
1474
54
1474
1474
1474
54
1474
54
1474
1474
1474
1474
1474
54
1474
1474
54
1474
54
1474
1474
1474
54
1474
54
1474
1474
1474
54
1474
1474
54
1474
1474
54
1474
1474
54
1474
1474
1474
54
1474
1474
1474
1474
54
1474
54
1474
1474
54
1474
54
1474
1474
1474
1474
54
54
1474
1474
54
1474
1474
1474
54
1474
1474
1474
54
1474
1474
54
1474
1474
1474
54
1474
1474
54
1474
54
1474
1474
1474
1474
54
1474
1474
54
1474
1474
54
1474
1474
54
1474
1474
1474
54
1474
54
1474
1474
1474
1474
54
1474
1474
54
1474
1474
54
1474
1474
54
1474
1474
1474
54
1474
54
1474
1474
54
1474
1474
54
1474
1474
1474
1474
1474
1474
1474
54
1474
1474
1474
1474
54
1474
1474
54
1474
1474
1474
54
1474
1474
54
1474
1474
54
1474
1474
54
1474
1474
1474
54
1474
54
1474
1474
1474
54
1474
1474
54
1474
54
1474
1474
1474
1474
54
1474
1474
54
1474
1474
1474
54
1474
1474
54
1474
1474
1474
54
1474
1474
54
1474
1474
54
1474
1474
1474
54
1474
1474
1474
54
1474
1474
1474
54
1474
1474
54
1474
1474
54
1474
1474
1474
54
1474
1474
54
1474
1474
54
1474
1474
54
1474
1474
1474
54
1474
1474
54
1474
54
1474
1474
54
1474
1474
54
1474
1474
1474
1474
1474
1474
1474
54
1474
1474
54
54
1423
1474
1474
1474
54
1474
1474
54
1474
1474
1474
54
1474
1474
54
345
1474
1474
1474
1474
1474
1474
1474
54
1474
1474
54
107
104
96
1474
1474
1474
54
1474
1474
1474
1474
1474
1474
1474
1474
1474
1474
1474
1474
1474
1474
1474
54
1474
1474
1474
1474
1474
1474
54
1474
1474
1474
54
1474
1474
54
1474
1474
1474
54
1474
1474
54
1474
1474
1474
54
1474
1474
54
1474
1474
54
1474
54
1474
1474
54
1474
1474
54
1474
1474
54
1474
1474
54
1474
1474
54
1474
1474
54
1474
1474
1474
1474
54
54
1474
1474
1474
1474
1474
1474
1474
1474
54
54
1474
1474
1474
54
1474
54
1474
1474
1474
54
1474
1474
54
1474
1474
1474
1474
1474
1474
1474
54
1474
1474
1474
54
1474
1474
1474
1474
1474
54
54
1474
1474
1474
54
1474
1474
1474
54
1474
1474
1474
1474
1474
54
1474
54
1474
1474
1474
54
1474
54
1474
1474
1474
54
1474
1474
54
1474
1474
1474
54
1474
1474
54
1474
1474
1474
54
1474
54
1474
1474
1474
1474
1474
1474
1474
1474
1474
1474
1474
54
54
1474
1474
54
1474
1474
1474
1474
1474
275
54
348
110
96
54
92
54
92
54
54
433
54
128
92
100
54
100
54
1344
1474
1474
1474
54
1474
1474
1474
54
1474
1474
54
1474
1474
1474
54
1474
54
1474
1474
1474
54
1474
1474
54
1474
1474
54
1474
54
1474
1474
1474
54
1474
1474
1474
1474
1474
54
1474
1474
1474
54
1474
1474
1474
54
1474
1474
1474
54
1474
1474
54
1474
1474
1474
54
1474
1474
54
1474
1474
1474
54
1474
1474
54
1474
1474
54
1474
1474
1474
54
1474
1474
1474
1474
1474
1474
1474
1474
1474
1474
54
1474
1474
1474
1474
54
1474
1474
1474
1474
54
1474
1474
54
1474
1474
1474
54
1474
54
1474
1474
1474
1474
1474
54
1474
1474
54
1474
1474
1474
1474
1474
1474
1474
1474
1474
1474
1474
54
1474
1474
1474
54
1474
1474
1474
54
1474
1474
1474
54
1474
1474
54
1474
1474
1474
54
1474
1474
1474
54
1474
54
1474
1474
1474
1474
1474
1474
54
1474
1474
1474
54
1474
54
1474
1474
1474
54
1474
1474
1474
54
1474
1474
54
1474
1474
1474
54
1474
54
1474
1474
54
1474
1474
54
1474
1474
54
1474
1474
1474
54
1474
54
1474
1474
54
1474
1474
1474
54
1474
54
1474
1474
1474
54
1474
1474
54
1474
54
1474
1474
54
1474
1474
54
1474
1474
1474
1474
1474
1474
54
1474
1474
1474
54
1474
1474
1474
1474
54
1474
1474
54
1474
1474
54
1474
1474
54
1474
54
1474
1474
1474
1474
54
1474
1474
1474
54
1474
1474
1474
1474
1474
1474
54
1474
1474
54
1474
1474
1474
54
1474
1474
1474
1474
54
1474
1474
54
1474
1474
1474
1474
54
1474
1474
54
1474
1474
54
1474
1474
1474
1474
1474
1474
54
1474
1474
1474
54
1474
1474
54
1474
1474
1474
54
1474
1474
1474
54
1474
590
54
532
54
128
92
100
54
100
54
1346
66
1474
1474
54
1474
1474
1474
1474
54
1474
1474
54
1474
1474
1474
54
1474
54
1474
1474
1474
54
1474
1474
54
1474
54
1474
1474
1474
54
1474
1474
54
1474
1474
54
1474
1474
54
1474
1474
1474
54
1474
1474
1474
54
1474
1474
1474
54
1474
1474
1474
54
1474
1474
1474
1474
1474
1474
54
1474
1474
54
1474
1474
1474
54
1474
1474
1474
54
1474
1474
1474
1474
54
1474
1474
1474
1474
54
1474
1474
1474
54
1474
1474
54
1474
1474
54
1474
1474
1474
1474
1474
1474
54
1474
1474
1474
54
1474
1474
54
1474
1474
1474
54
1474
1474
54
1474
1474
1474
1474
1474
54
1474
1474
1474
54
1474
1474
54
1474
1474
54
1474
1474
54
1474
1474
54
1474
1474
1474
54
1474
1474
54
1474
1474
54
1474
1474
54
1474
1474
1474
54
1474
1474
1474
54
1474
1474
54
1474
54
1474
1474
54
1474
1474
1474
54
1474
54
1474
1474
54
1474
1474
54
1474
1474
54
1474
1474
1474
54
1474
54
1474
1474
1474
54
1474
1474
54
1474
1474
1474
54
1474
1474
1474
54
1474
54
1474
1474
1474
54
1474
1474
54
1474
1474
54
1474
54
1474
1474
54
1474
1474
1474
54
1474
54
1474
1474
1474
1474
54
1474
1474
54
1474
1474
1474
54
1474
1474
54
1474
1474
54
1474
1474
54
1474
54
1474
1474
1474
54
1474
54
1474
1474
54
1474
1474
1474
1474
54
1474
1474
1474
54
1474
1474
1474
1474
1474
1474
1474
1474
1474
1474
54
1474
1474
1474
1474
54
1474
1474
1474
54
1474
1474
1474
54
1474
1474
54
1474
1474
1474
54
1474
1474
54
1474
1474
1474
54
1474
1474
54
1474
1474
54
1474
1474
54
1474
54
1474
1474
54
1474
1474
1474
1474
1474
1474
1474
1474
1474
1474
54
1474
1474
1474
1474
54
1474
1474
1474
1474
54
1474
1474
54
1474
1474
1474
54
1474
54
1474
1474
1474
1474
54
1474
1474
1474
1474
54
1474
1474
54
1474
1474
1474
54
1474
1474
54
1474
54
1474
1474
1474
54
1474
1474
1474
54
1474
1474
54
1474
1474
54
1474
1474
1474
54
1474
1474
54
1474
1474
54
1474
1474
1474
1474
1474
54
1474
1474
54
1474
1474
1474
54
1474
54
1474
1474
54
1474
1474
1474
54
1474
1474
54
1474
1474
1474
54
1474
1474
54
1474
1474
1474
54
1474
54
1474
1474
54
1474
1474
1474
1474
54
1474
1474
1474
54
1474
1474
54
1474
1474
1474
54
1474
1474
1474
54
1474
1474
54
1474
1474
54
1474
54
1474
1474
1474
54
1474
54
1474
1474
1474
1474
54
1474
1474
54
1474
1474
54
1474
1474
1474
54
1474
1474
1474
54
1474
1474
54
1474
1474
54
1474
1474
54
1474
1474
1474
54
1474
54
1474
1474
1474
54
1474
54
1474
1474
1474
54
1474
54
1474
1474
54
1474
1474
54
1474
1474
1474
1474
1474
1474
54
1474
1474
1474
1474
1474
54
1474
1474
1474
54
1474
1474
1474
1474
1474
1474
1474
54
1474
1474
1474
1474
54
1474
54
1474
1474
1474
54
1474
1474
1474
1474
1474
1474
1474
1474
1474
54
1474
1474
1474
1474
54
1474
1474
54
1474
1474
1474
1474
54
1474
1474
1474
54
1474
1474
54
1474
54
1474
1474
54
1474
1474
54
1474
1474
1474
54
1474
54
1474
1474
54
1474
1474
54
1474
1474
1474
1474
1474
54
1474
1474
54
1474
1474
1474
54
1474
1474
1474
1474
54
1474
1474
54
1474
1474
1474
1474
54
1474
1474
1474
54
1474
1474
54
1474
54
1474
1474
1474
1474
54
1474
1474
54
1474
1474
54
1474
1474
1474
1474
1474
1474
1474
1474
1474
1474
54
1474
1474
1474
54
1474
1474
1474
54
1474
1474
54
1474
1474
1474
54
1474
1474
54
1474
1474
54
1474
1474
54
1474
1474
1474
54
1474
1474
54
1474
1474
1474
54
1474
1474
1474
1474
1474
1474
66
1474
1474
54
54
272
1474
1474
1474
1474
54
1474
1474
1474
1474
1474
54
1474
1474
1474
1474
1474
54
1474
1474
54
1474
1474
54
1474
1474
54
1474
1474
1474
54
1474
1474
54
1474
1474
1474
1474
54
1474
1474
1474
1474
54
1474
1474
54
1474
1474
1474
1474
54
1474
1474
54
1474
1474
1474
54
1474
1474
1474
1474
54
1474
1474
54
1474
1474
1474
54
1474
1474
54
1474
1474
54
1474
1474
54
1474
1474
1474
1474
54
1474
1474
1474
54
1474
1474
1474
54
1474
1474
54
1474
1474
54
1474
1474
54
1474
1474
1474
54
1474
54
1474
1474
1474
54
1474
54
1474
1474
54
1474
1474
1474
54
1474
54
1474
1474
1474
54
1474
1474
54
1474
1474
54
1474
54
1474
1474
54
1474
1474
54
1474
1474
54
1474
1474
1474
1474
1474
54
1474
1474
54
1474
1474
1474
54
1474
1474
1474
1474
1474
54
1474
1474
1474
54
1474
1474
54
1474
1474
1474
54
1474
1474
1474
54
1474
1474
54
1474
1474
54
1474
1474
1474
1474
54
1474
1474
54
1474
1474
1474
54
1474
1474
54
1474
1474
54
1474
1474
1474
54
1474
1474
1474
54
1474
54
1474
1474
1474
1474
54
1474
1474
1474
54
1474
1474
1474
54
1474
1474
1474
1474
54
1474
1474
54
1474
1474
1474
1474
1474
54
1474
1474
1474
54
1474
1474
54
1474
1474
54
1474
1474
54
1474
1474
54
1474
1474
1474
1474
54
1474
1474
1474
54
1474
1474
54
1474
1474
54
1474
1474
54
1474
54
1474
1474
54
1474
1474
54
1474
1474
1474
54
1474
54
1474
1474
1474
54
1474
1474
1474
54
1474
1474
1474
54
1474
1474
54
1474
1474
1474
1474
54
1474
1474
54
1474
1474
54
1474
1474
54
1474
1474
1474
54
1474
1474
1474
54
1474
1474
54
1474
1474
54
1474
1474
1474
1474
1474
1474
1474
1474
1474
1474
54
1474
1474
1474
1474
1474
54
1474
1474
1474
54
1474
54
1474
1474
1474
1474
54
1474
1474
54
1474
1474
1474
1474
54
1474
1474
54
1474
1474
1474
1474
1474
1474
1474
1474
1474
1474
1474
1474
1474
1474
1474
54
1474
1474
1474
1474
1474
1474
54
1474
1474
54
1474
1474
1474
54
1474
1474
54
1474
1474
1474
54
1474
1474
54
1474
1474
1474
54
1474
1474
54
1474
1474
54
1474
1474
54
1474
1474
1474
1474
54
1474
1474
54
1474
1474
54
1474
1474
54
1474
1474
1474
54
1474
1474
1474
54
1474
1474
1474
54
1474
1474
1474
1474
54
1474
54
1474
1474
1474
54
1474
1474
54
1474
1474
54
1474
1474
1474
54
1474
1474
1474
1474
54
1474
1474
1474
54
1474
1474
1474
54
1474
1474
54
1474
1474
54
1474
1474
54
1474
1474
54
1474
1474
1474
54
1474
1474
1474
1474
54
1474
54
1474
1474
1474
54
1474
1474
54
1474
54
1474
1474
1474
1474
54
1474
1474
1474
54
1474
1474
1474
54
1474
1474
1474
54
1474
54
1474
1474
54
1474
1474
54
1474
1474
54
1474
1474
1474
1474
1474
1474
1474
1474
1474
1474
54
1474
1474
1474
1474
1474
1474
54
1474
1474
1474
54
1474
1474
54
1474
54
1474
1474
54
1474
1474
1474
1474
1474
54
1474
54
1474
1474
1474
54
1474
1474
54
1474
1474
54
1474
54
1474
1474
1474
1474
54
1474
1474
1474
1474
54
1474
1474
54
1474
1474
1474
1474
66
1474
1474
1474
1474
1474
74
74
74
74
74
1474
1474
1474
74
74
74
1474
1474
74
74
1474
1474
1474
74
74
74
1474
1474
1474
74
74
74
1474
1474
1474
1474
74
74
74
74
1474
1474
1474
74
74
74
1474
1474
74
74
1474
1474
1474
1474
74
74
74
74
1474
1474
1474
1474
1474
74
74
74
74
74
1474
1474
1474
1474
74
74
74
74
1474
74
1474
1474
74
74
1474
1474
1474
74
74
74
1474
1474
1474
1474
1474
74
74
74
74
74
1474
1474
1474
74
74
74
1474
1474
1474
1474
1474
66
54
54
1474
1474
1474
1474
54
1474
1474
1474
54
1474
1474
1474
54
54
1474
1474
1310
54
1474
1474
651
1474
54
54
1474
1474
54
180
1474
1474
54
1474
1474
1474
1474
1474
1474
1474
54
1474
1474
1474
1474
54
1474
1474
1474
1474
54
1474
1474
1474
54
1474
54
1474
1474
1474
1474
1474
1474
54
1474
1474
54
1474
1474
1474
1474
1474
1474
1474
1474
54
1474
1474
1474
54
1474
54
1474
1474
1474
54
1474
1474
1474
54
1474
1474
54
1474
1474
54
1474
1474
1474
54
1474
1474
54
1474
54
1474
1474
54
1474
1474
54
1474
1474
1474
54
1474
54
1474
1474
54
1474
1474
1474
54
1474
54
1474
1474
54
1474
1474
54
1474
1474
54
1474
1474
54
1474
1474
54
1474
1474
54
1474
1474
1474
1474
1474
54
1474
1474
54
1474
1474
1474
54
1474
1474
54
1474
1474
1474
1474
54
1474
1474
1474
54
1474
1474
1474
1474
1474
54
1474
1474
54
1474
1474
54
1474
1474
54
1474
1474
1474
54
1474
54
1474
1474
54
1474
1474
54
1474
1474
54
1474
1474
1474
54
1474
54
1474
1474
1474
54
1474
1474
54
1474
1474
54
1474
1474
1474
54
1474
1474
54
1474
1474
1474
54
1474
1474
1474
1474
54
1474
1474
1474
1474
1474
1474
1474
1474
1474
1474
1474
54
1474
1474
1474
1474
1474
54
1474
1474
54
1474
1474
1474
54
1474
1474
54
1474
1474
54
1474
1474
54
1474
1474
1474
54
1474
54
1474
1474
1474
1474
1474
1474
54
1474
1474
1474
1474
54
1474
1474
54
1474
1474
1474
1474
54
1474
1474
1474
54
1474
1474
1474
54
1474
1474
1474
1474
54
1474
1474
54
1474
1474
54
1474
1474
54
1474
1474
1474
54
1474
54
1474
1474
1474
1474
54
1474
1474
54
1474
1474
54
1474
1474
1474
54
1474
54
1474
1474
54
1474
1474
1474
54
1474
1474
1474
1474
54
1474
1474
1474
1474
1474
54
1474
1474
54
1474
1474
54
1474
1474
54
1474
1474
1474
1474
54
1474
1474
1474
1474
54
1474
1474
1474
1474
54
1474
1474
54
1474
1474
1474
54
1474
1474
1474
1474
1474
1474
1474
1474
1474
54
1474
1474
1474
1474
54
1474
1474
1474
54
1474
1474
1474
1474
54
1474
1474
54
1474
1474
1474
1474
1474
1474
54
1474
1474
1474
54
1474
1474
1474
1474
1474
1474
1474
1474
54
1474
1474
1474
1474
1474
54
1474
54
1474
1474
1474
1474
1474
54
1474
1474
1474
54
1474
1474
54
1474
1474
1474
54
1474
1474
1474
54
1474
1474
1474
54
1474
1474
1474
54
1474
1474
1474
54
1474
1474
54
1474
1474
1474
54
1474
1474
1474
1234
54
332
810
1458
1458
1458
1458
247
54
54
54
54
1345
1474
1474
1474
54
1474
54
1474
1474
54
1474
1474
1474
1474
54
1474
1474
1474
54
1474
1474
1474
1474
1474
1474
54
1474
1474
1474
1474
54
1474
1474
54
1474
54
1474
1474
1474
54
1474
54
1474
1474
1474
1474
54
1474
1474
1474
1474
54
1474
1474
54
1474
1474
54
1474
1474
1474
1474
1474
54
1474
1474
1474
1474
54
1474
54
1474
1474
54
1474
1474
1474
1474
1474
1474
1474
1474
1474
1474
54
1474
1474
1474
1474
54
1474
1474
54
1474
1474
1474
54
1474
54
1474
1474
1474
54
1474
1474
54
1474
1474
54
1474
1474
54
1474
1474
1474
54
1474
1474
1474
54
1474
1474
1474
1474
54
1474
1474
1474
54
1474
1474
1474
1474
1474
1474
1474
1474
1474
1474
1474
54
1474
1474
1474
1474
54
1474
1474
54
1474
54
1474
1474
1474
54
1474
1474
54
1474
1474
54
1474
1474
54
1474
1474
54
1474
1474
1474
1474
54
1474
1474
1474
1474
54
1474
1474
1474
54
1474
1474
54
1474
1474
1474
1474
1474
1474
1474
1474
1474
1474
54
1474
1474
1474
54
1474
54
1474
1474
1474
54
1474
1474
54
1474
1474
54
1474
1474
1474
54
1474
1474
54
1474
1474
54
1474
1474
54
1474
1474
1474
54
1474
1474
54
1474
54
1474
1474
1474
54
1474
1474
1474
54
1474
1474
1474
54
1474
54
1474
1474
1474
54
1474
54
1474
1474
1474
54
1474
1474
54
1474
54
1474
1474
1474
54
1474
54
1474
1474
1474
1474
1474
1474
54
1474
1474
1474
54
1474
1474
54
1474
1474
1474
1474
54
1474
1474
1474
1474
1474
1474
54
1474
54
1474
1474
1474
54
1474
1474
1474
1474
1474
1474
54
1474
1474
1474
54
1474
1474
1474
1474
54
1474
1474
54
1474
1474
1474
1474
1474
54
1474
1474
54
587
54
66
66
54
266
54
1474
1474
1071
54
345
107
104
96
900
800
348
110
96
54
92
54
92
54
390
54
375
100
54
100
54
439
54
128
92
100
54
100
54
388
1474
315
1345
54
1474
1474
1474
54
1474
1474
54
1474
54
1474
1474
1474
1474
54
1474
1474
54
1474
1474
54
1474
1474
54
1474
1474
54
1474
1474
1474
54
1474
1474
1474
54
1474
1474
54
1474
1474
1474
54
1474
1474
54
1474
1474
1474
1474
1474
54
1474
1474
1474
54
1474
1474
54
1474
1474
1474
1474
1474
54
1474
1474
1474
1474
54
1474
1474
54
1474
1474
54
1474
1474
1474
54
1474
1474
1474
1474
1474
54
1474
1474
1474
1474
54
1474
1474
1474
54
1474
1474
1474
54
1474
1474
54
1474
1474
54
1474
1474
1474
1474
54
1474
1474
1474
1474
54
1474
1474
1474
1474
1474
54
1474
54
1474
1474
1474
1474
54
1474
1474
54
1474
1474
1474
1474
1474
54
1474
54
1474
1474
54
1474
1474
54
1474
1474
1474
54
1474
54
1474
1474
1474
54
1474
1474
1474
54
1474
1474
54
1474
1474
1474
54
1474
54
1474
1474
54
1474
1474
54
1474
1474
1474
54
1474
54
1474
1474
1474
1474
54
1474
1474
1474
1474
1474
54
1474
1474
54
1474
1474
54
1474
1474
1474
1474
1474
1474
1474
54
1474
1474
54
1474
1474
54
1474
1474
1474
54
1474
1474
1474
1474
1474
54
1474
1474
54
1474
1474
1474
54
1474
54
1474
1474
1474
54
1474
54
1474
1474
1474
54
1474
1474
1474
54
1474
1474
1474
1474
1474
1474
1474
1474
1474
1474
54
1474
1474
1474
1474
1474
1474
1474
1474
1474
54
1474
1474
1474
54
1474
1474
1474
54
1474
1474
54
1474
1474
1474
54
1474
1474
1474
1474
1474
1474
1474
1474
1474
1474
54
1474
1474
1474
1474
54
1474
1474
1474
54
1474
1474
1474
54
1474
1474
54
1474
1474
1474
54
1474
242
54
1346
1474
1474
1474
1474
54
1474
1474
1474
54
1474
1474
54
1474
54
1474
1474
1474
54
1474
1474
54
1474
1474
54
1474
1474
1474
1474
1474
1474
1474
1474
1474
1474
1474
1474
1474
1474
1474
1474
1474
1474
1474
1474
54
1474
1474
1474
1474
1474
1474
1474
54
1474
1474
1474
1474
54
1474
1474
54
1474
1474
1474
54
1474
1474
54
1474
1474
1474
54
1474
1474
1474
1474
1474
1474
54
1474
1474
1474
54
1474
1474
54
1474
1474
54
1474
54
1474
1474
1474
54
1474
1474
1474
1474
1474
54
1474
1474
54
1474
1474
54
1474
1474
54
1474
1474
1474
54
1474
54
1474
1474
54
1474
1474
54
1474
1474
54
1474
1474
1474
1474
54
1474
1474
54
1474
1474
1474
54
1474
1474
1474
1474
1474
1474
1474
54
1474
1474
1474
1474
54
1474
1474
54
1474
1474
54
1474
1474
1474
54
1474
1474
54
1474
54
1474
1474
1474
1474
54
1474
1474
1474
1474
1474
54
1474
54
1474
1474
54
1474
1474
1474
54
1474
1474
54
1474
1474
1474
54
1474
1474
54
1474
1474
54
1474
1474
1474
1474
1474
1474
1474
1474
1474
1474
1474
1474
1474
1474
1474
1474
54
1474
1474
1474
1474
1474
1474
1474
1474
1474
1474
1474
1474
1474
1474
1474
1474
54
1474
1474
1474
1474
1474
1474
1474
1474
1474
1474
1474
54
1474
54
1474
1474
54
1474
1474
54
1474
1474
54
1474
1474
1474
1474
54
1474
1474
54
1474
1474
54
1474
1474
54
1474
1474
54
1474
1474
1474
54
1474
54
1474
1474
1474
1474
1474
1474
1474
1474
1474
1474
54
1474
1474
1474
1474
1474
1474
54
1474
1474
1474
54
1474
54
1474
1474
54
1474
1474
54
1474
1474
1474
1474
1474
54
1474
1474
1474
54
1474
1474
1474
54
1474
1474
1474
54
1474
1474
54
1474
1474
54
1474
1474
54
1474
1474
1474
54
1474
1474
54
1474
1474
1474
1474
1474
1474
1474
54
1474
1474
54
1474
1474
1474
1474
1474
54
1474
1474
54
1474
1474
1474
54
1474
1474
54
1474
1474
1474
1474
54
1474
1474
1474
54
1474
54
1474
1474
54
1474
1474
1474
1474
54
1474
1474
54
1474
1474
1474
54
1474
1474
54
1474
1474
54
1474
1474
54
1474
1474
54
1474
1474
54
1474
54
1474
1474
1474
1474
54
1474
1474
1474
54
1474
54
1474
1474
1474
1474
54
1474
1474
54
1474
1474
54
1474
1474
54
1474
1474
1474
54
1474
1474
54
1474
1474
54
1474
1474
54
1474
1474
54
1474
1474
1474
54
1474
1474
54
1474
1474
1474
54
1474
1474
1474
1474
1474
1474
54
1474
1474
54
1474
1474
1474
54
1474
1474
54
1474
1474
54
1474
1474
54
1474
1474
1474
54
1474
1474
54
1474
54
1474
1474
1474
54
1474
1474
1474
54
1474
1474
1474
1474
1474
1474
54
1474
1474
1474
54
1474
1474
54
1474
1474
1474
54
1474
1474
54
1474
1474
1474
54
1474
1474
54
1474
54
1474
1474
1474
54
1474
1474
54
1474
1474
54
1474
1474
54
1474
1474
1474
54
1474
1474
54
1474
1474
1474
54
1474
54
1474
1474
1474
1474
54
1474
1474
1474
1474
1474
1474
54
1474
1474
1474
1474
1474
1474
54
1474
1474
1474
54
1474
1474
54
1474
1474
1474
54
1474
1474
1474
54
1474
1474
54
1474
1474
54
1474
1474
54
1474
1474
1474
54
1474
1474
54
1474
1474
54
1474
1474
54
1474
1474
1474
1474
54
1474
1474
1474
1474
1474
1474
1474
1474
1474
1474
54
1474
1474
1474
1474
54
1474
1474
1474
54
1474
1474
54
1474
54
1474
1474
1474
1474
54
1474
1474
1474
1474
54
1474
1474
54
1474
1474
1474
54
1474
54
1474
1474
54
1474
1474
54
1474
1474
1474
1474
1474
1474
1474
54
1474
54
1474
1474
54
1474
1474
1474
1474
54
1474
1474
54
1474
1474
54
1474
1474
54
1474
1474
1474
1474
1474
54
1474
1474
54
1474
54
1474
1474
54
1474
1474
1474
1474
1474
54
1474
1474
1474
1474
54
1474
1474
54
1474
1474
1474
54
1474
1474
1474
54
1474
1474
54
1474
54
1474
1474
1474
54
1474
54
1474
1474
1474
54
1474
1474
54
1474
54
1474
1474
1474
54
1474
1474
1474
54
1474
1474
1474
1474
54
1474
1474
54
1474
1474
1474
1474
54
1474
1474
1474
1474
1474
1474
54
1474
1474
1474
54
1474
1474
1474
54
1474
1474
54
1474
1474
54
1474
1474
1474
54
1474
1474
54
1474
1474
54
1474
1474
54
1474
54
1474
1474
1474
1474
54
1474
1474
1474
1474
1474
54
1474
1474
54
1474
1474
1474
54
1474
1474
54
1474
1474
1474
54
1474
1474
1474
1474
1474
54
1474
1474
54
1474
1474
1474
54
1474
54
1474
1474
1474
1474
54
1474
1474
1474
54
1474
54
1474
1474
1474
54
1474
54
1474
1474
1474
54
1474
1474
54
1474
1474
54
1474
1474
54
1474
54
1474
1474
54
1474
1474
1474
1474
1474
54
1474
1474
54
1474
54
1474
1474
1474
54
1474
1474
54
1474
1474
54
1474
1474
1474
1474
1474
1474
54
1474
1474
54
1474
1474
54
1474
1474
54
1474
1474
1474
54
1474
1474
1474
1474
1474
1474
54
1474
1474
54
1474
1474
1474
54
1474
1474
54
1474
1474
54
1474
1474
1474
54
1474
1474
1474
54
1474
1474
54
1474
1474
54
1474
1474
54
1474
54
1474
1474
1474
54
1474
1474
1474
54
1474
1474
54
1474
1474
1474
54
1474
1474
54
1474
1474
1474
54
1474
1474
54
1474
1474
1474
1474
1474
1474
1474
1474
54
1474
1474
1474
1474
1474
1474
54
1474
1474
1474
54
1474
1474
54
1474
1474
1474
54
1474
1474
1474
1474
1474
1474
1474
1474
1474
54
1474
54
1474
1474
1474
1474
1474
1474
1474
1474
1474
54
1474
1474
1474
54
1474
1474
1474
54
1474
1474
1474
1474
1474
54
1474
1474
54
1474
1474
1474
54
1474
1474
54
1474
1474
54
1474
1474
54
1474
54
1474
1474
1474
54
1474
1474
54
1474
1474
1474
54
1474
1474
1474
54
1474
1474
1474
54
1474
1474
1474
1474
54
1474
1474
54
1474
1474
54
1474
1474
1474
54
1474
54
1474
1474
1474
1474
54
1474
1474
54
1474
1474
1474
1474
1474
1474
54
1474
1474
54
1474
1474
1474
54
1474
1474
54
1474
1474
54
1474
1474
1474
1474
54
1474
1474
1474
54
1474
1474
1474
1474
1474
1474
54
1474
1474
1474
1474
1474
1474
54
1474
1474
1474
54
1474
1474
1474
1474
1474
1474
54
1474
1474
1474
1474
1474
54
1474
1474
1474
54
1474
1474
54
1474
54
1474
1474
54
1474
1474
1474
54
1474
1474
54
1474
54
1474
1474
1474
1474
54
1474
1474
1474
1474
54
1474
1474
1474
54
1474
1474
1474
54
1474
1474
1474
54
1474
1474
54
1474
1474
1474
1474
1474
1474
1474
1474
1474
1474
1474
1474
1474
54
1474
1474
1474
1474
1474
54
1474
1474
1474
54
1474
1474
54
1474
1474
1474
54
1474
1474
1474
54
1474
1474
1474
54
1474
1474
54
1474
1474
1474
54
1474
1474
1474
54
1474
1474
54
1474
1474
54
1474
1474
54
1474
1474
1474
54
1474
1474
1474
1474
1474
1474
54
1474
1474
1474
1474
54
1474
1474
1474
1474
1474
54
1474
1474
54
1474
1474
54
1474
1474
1474
54
1474
1474
1474
54
1474
1474
54
1474
1474
54
1474
1474
54
1474
54
1474
1474
1474
54
1474
54
1474
1474
1474
1474
54
1474
1474
1474
1474
54
1474
1474
54
1474
1474
1474
54
1474
1474
54
1474
1474
1474
54
1474
1474
1474
54
1474
54
1474
1474
1474
1474
1474
1474
1474
1474
54
1474
1474
1474
1474
54
1474
1474
54
1474
1474
54
1474
1474
1474
54
1474
54
1474
1474
1474
54
1474
1474
54
1474
1474
54
1474
1474
54
1474
1474
1474
54
1474
1474
1474
1474
1474
1474
1474
66
66
66
66
66
66
1474
1474
1474
1474
66
66
66
66
1474
1474
1474
66
66
66
1474
1474
1474
66
66
66
1474
1474
66
66
1474
66
1474
1474
66
66
1474
1474
1474
1474
66
66
66
66
1474
1474
1474
66
66
66
1474
1474
66
66
1474
1474
1474
66
66
66
1474
1474
1474
66
66
66
1474
66
1474
66
1474
1474
1474
1474
1474
66
66
66
66
66
1474
1474
66
66
1474
1474
1474
66
66
66
1474
1474
1474
66
66
66
1474
1474
66
66
1474
1474
1474
1474
66
66
66
66
1474
1474
54
54
1474
1474
54
1474
1474
1474
1474
1474
1474
1474
1474
1474
1474
1474
54
1474
1474
1474
1474
1474
54
1474
1474
54
1474
1474
54
1474
1474
54
1474
1474
54
1474
1474
1474
54
1474
1474
54
1474
1474
54
1474
54
1474
1474
54
1474
1474
1474
54
1474
54
1474
1474
54
1474
1474
54
1474
1474
54
1474
1474
54
1474
1474
54
1474
1474
1474
1474
1474
1474
1474
54
1474
1474
1474
1474
1474
1474
54
1474
1474
1474
54
1474
1474
1474
1474
1474
54
1474
54
1474
1474
54
1474
1474
54
1474
1474
54
1474
1474
1474
1474
54
1474
1474
54
1474
1474
1474
1474
54
1474
1474
1474
54
1474
1474
54
1474
1474
1474
54
1474
1474
54
1474
1474
1474
54
1474
54
1474
1474
54
1474
1474
1474
1474
54
1474
1474
1474
1474
54
1474
1474
1474
1474
54
1474
1474
54
1474
1474
1474
1474
54
1474
1474
1474
54
1474
1474
54
1474
1474
1474
54
1474
1474
1474
1474
54
1474
1474
54
1474
1474
1474
1474
1474
1474
54
1474
1474
1474
54
1474
54
1474
1474
1474
54
1474
54
1474
1474
1474
54
1474
1474
1474
54
1474
1474
1474
1474
1474
1474
1474
1474
1474
1474
1474
1474
1474
1474
1474
1474
1474
1474
1474
1474
1474
1474
1474
1474
1474
54
1474
1474
1474
1474
1474
1474
1474
1474
54
1474
1474
1474
1474
54
1474
54
1474
1474
54
1474
1474
54
1474
1474
1474
1474
54
1474
1474
54
1474
1474
54
1474
1474
54
1474
1474
1474
1474
1474
54
1474
1474
54
1474
1474
54
1474
1474
1474
1474
1474
1474
1474
54
1474
1474
1474
1474
1474
1474
1474
1474
54
1474
1474
1474
1474
54
1474
1474
54
1474
1474
1474
54
1474
54
1474
1474
54
1474
1474
54
1474
1474
54
1474
1474
1474
1474
54
1474
1474
54
1474
1474
1474
1474
54
1474
1474
1474
1474
54
1474
1474
54
1474
1474
54
1474
1474
54
1474
1474
1474
54
1474
1474
54
1474
54
1474
1474
1474
54
1474
1474
1474
1474
1474
54
1474
1474
1474
54
1474
1474
54
1474
54
1474
1474
54
1474
1474
54
1474
1474
1474
1474
54
1474
1474
1474
54
1474
1474
54
1474
1474
54
1474
1474
54
1474
1474
54
1474
1474
54
1474
1474
1474
54
1474
1474
54
1474
1474
1474
1474
83
54
441
54
128
92
100
54
100
1345
54
1474
1474
1474
1474
1474
54
1474
1474
1474
1474
1474
1474
1474
54
1474
1474
1474
1474
54
1474
1474
1474
1474
54
1474
1474
54
1474
1474
54
1474
1474
54
1474
1474
1474
1474
1474
1474
54
1474
1474
1474
1474
54
1474
1474
1474
54
1474
1474
1474
1474
1474
1474
1474
1474
54
1474
1474
1474
1474
54
1474
1474
1474
1474
54
1474
1474
54
1474
54
1474
1474
1474
54
1474
54
1474
1474
1474
54
1474
54
1474
1474
1474
54
1474
1474
54
1474
54
1474
1474
54
1474
1474
1474
54
1474
1474
54
1474
1474
54
1474
1474
1474
54
1474
1474
1474
54
1474
1474
1474
54
1474
1474
1474
1474
1474
1474
1474
1474
1474
1474
54
1474
1474
1474
1474
54
1474
1474
1474
54
1474
1474
54
1474
1474
1474
1474
54
1474
1474
1474
54
1474
1474
1474
54
1474
54
1474
1474
1474
1474
1474
1474
1474
1474
1474
1474
1474
1474
54
1474
1474
1474
1474
54
1474
1474
54
1474
1474
54
1474
1474
54
1474
1474
1474
54
1474
1474
54
1474
1474
54
1474
1474
54
1474
1474
54
1474
1474
54
1474
1474
1474
54
1474
1474
54
1474
1474
54
1474
1474
1474
54
1474
54
1474
1474
54
1474
1474
1474
54
1474
1474
54
1474
54
1474
1474
54
1474
1474
54
1474
1474
54
1474
1474
54
1474
1474
1474
54
1474
54
1474
1474
54
1474
1474
54
1474
1474
54
1474
1474
1474
54
1474
1474
1474
1474
1474
54
1474
1474
1474
1474
54
1474
1474
1474
54
1474
1474
54
1474
54
1474
1474
54
1474
1474
54
1474
1474
1474
54
1474
54
1474
1474
54
1474
1474
54
1474
1474
54
1474
1474
54
1474
1474
54
1474
1474
54
1474
1474
1474
54
1474
520
54
597
100
54
54
100
128
54
92
100
54
100
54
54
54
54
1347
54
1474
1474
54
1474
1474
1474
54
1474
1474
1474
1474
1474
54
1474
1474
54
1474
1474
1474
54
1474
1474
54
1474
54
1474
1474
1474
1474
1474
54
1474
1474
1474
1474
1474
54
1474
1474
1474
54
1474
1474
54
1474
1474
54
1474
1474
54
1474
1474
1474
54
1474
1474
54
1474
1474
54
1474
1474
1474
1474
1474
1474
1474
1474
1474
1474
1474
54
1474
1474
1474
1474
1474
54
1474
1474
54
1474
1474
1474
54
1474
1474
1474
1474
1474
54
1474
1474
54
1474
1474
54
1474
1474
54
1474
1474
54
1474
1474
54
1474
1474
54
1474
1474
1474
1474
54
1474
1474
1474
1474
54
1474
1474
54
1474
1474
1474
54
1474
54
1474
1474
1474
1474
54
1474
1474
1474
54
1474
1474
54
1474
1474
1474
54
1474
1474
1474
1474
54
1474
1474
54
1474
1474
1474
54
1474
1474
1474
54
1474
1474
1474
54
1474
1474
54
1474
1474
54
1474
1474
54
1474
1474
54
1474
1474
1474
54
1474
1474
1474
1474
54
1474
1474
1474
1474
1474
1474
54
1474
1474
1474
54
1474
54
1474
1474
1474
1474
1474
54
1474
1474
1474
1474
1474
54
1474
1474
54
1474
1474
1474
54
1474
54
1474
1474
1474
54
1474
1474
1474
54
1474
1474
54
1474
1474
54
1474
1474
1474
1474
1474
1474
1474
1474
1474
54
1474
1474
1474
54
1474
1474
1474
54
1474
54
1474
1474
1474
54
1474
54
1474
1474
1474
1474
1474
54
1474
1474
54
1474
1474
1474
54
1474
1474
54
1474
1474
54
1474
1474
1474
54
1474
1474
54
1474
1474
54
1474
54
1474
1474
1474
1474
1474
1474
1474
1474
1474
54
1474
1474
1474
1474
54
1474
1474
54
1474
1474
1474
54
1474
1474
54
1474
1474
54
1474
1474
54
1474
1474
1474
54
1474
1474
54
1474
1474
54
1474
1474
54
1474
54
1474
1474
1474
1474
54
1474
1474
54
1474
1474
54
1474
1474
1474
54
1474
1474
1474
54
1474
1474
1474
54
1474
1474
54
1474
1474
54
1474
1474
1474
1474
54
1474
1474
1474
54
1474
1474
54
1474
1474
54
1474
1474
54
1474
1474
1474
1474
1474
1474
1474
1474
54
1474
1474
54
1474
1474
1474
54
1474
1474
54
1474
1474
54
1474
1474
54
1474
54
1474
1474
54
1474
1474
54
1474
1474
1474
54
1474
54
1474
1474
1474
1474
54
1474
1474
54
1474
1474
1474
1474
1474
54
1474
1474
1474
54
1474
1474
54
1474
1474
1474
1474
1474
1474
1474
1474
1474
54
1474
1474
1474
1474
1474
1474
1474
1474
1474
1474
1474
1474
1474
1474
1474
1474
1474
1474
1474
54
1474
1474
1474
1474
1474
1474
1474
54
1474
1474
1474
1474
54
1474
1474
54
1474
54
1474
1474
1474
54
1474
54
1474
1474
54
1474
1474
54
1474
1474
1474
1474
1474
54
1474
1474
54
1474
1474
54
1474
1474
54
1474
1474
54
1474
1474
54
1474
54
1474
1474
1474
54
1474
1474
1474
54
1474
1474
1474
54
1474
1474
54
1474
1474
54
1474
1474
54
1474
1474
1474
54
1474
1474
54
1474
1474
1474
54
1474
54
1474
1474
1474
54
1474
1474
54
1474
1474
54
1474
1474
54
1474
1474
54
1474
1474
1474
54
1474
1474
1474
1474
54
1474
1474
54
1474
1474
1474
1474
54
1474
1474
1474
54
1474
1474
1474
1474
1474
1474
1474
1474
54
1474
1474
1474
1474
54
1474
1474
1474
54
1474
1474
1474
1474
54
1474
1474
54
1474
1474
1474
54
1474
54
1474
1474
54
1474
1474
1474
1474
54
1474
1474
54
1474
1474
1474
54
1474
54
1474
1474
1474
1474
1474
1474
1474
54
1474
1474
1474
54
1474
1474
1474
1474
54
1474
1474
1474
1474
1474
1474
1474
1474
1474
1474
1474
1474
1474
1474
54
1474
1474
1474
1474
1474
54
1474
1474
54
1474
1474
54
1474
1474
1474
54
1474
1474
1474
54
1474
1474
54
1474
1474
1474
54
1474
1474
54
1474
1474
1474
1474
1474
54
1474
1474
54
1474
54
1474
1474
54
1474
1474
54
1474
1474
54
1474
1474
54
1474
1474
1474
54
1474
54
1474
1474
1474
54
1474
1474
1474
1474
1474
54
1474
1474
54
1474
1474
1474
54
1474
54
1474
1474
54
1474
1474
54
1474
1474
54
1474
1474
54
1474
1474
1474
54
1474
1474
1474
54
1474
1474
54
1474
1474
1474
1474
1474
1474
1474
54
1474
1474
54
1474
1474
1474
1474
54
1474
1474
54
1474
1474
1474
54
1474
1474
1474
1474
54
1474
1474
54
1474
1474
54
1474
1474
1474
54
1474
1474
54
1474
1474
1474
1474
54
1474
1474
54
1474
54
1474
1474
1474
54
1474
1474
1474
1474
1474
1474
54
1474
1474
1474
1474
54
1474
1474
1474
54
1474
1474
54
1474
1474
1474
1474
54
1474
1474
54
1474
1474
1474
54
1474
54
1474
1474
54
1474
1474
54
1474
1474
1474
54
1474
1474
54
1474
1474
54
1474
1474
54
1474
54
1474
1474
1474
1474
54
1474
1474
1474
54
1474
1474
1474
54
1474
1474
54
1474
1474
1474
54
1474
54
1474
1474
54
1474
1474
54
1474
1474
1474
54
1474
1474
54
1474
1474
1474
54
1474
1474
1474
1474
1474
1474
1474
54
1474
1474
1474
1474
1474
1474
54
1474
1474
54
1474
1474
1474
54
1474
1474
54
1474
1474
1474
1474
54
1474
1474
1474
54
1474
1474
54
1474
1474
1474
1474
54
1474
1474
1474
1474
1474
1474
1474
54
1474
1474
1474
1474
54
1474
1474
1474
54
1474
1474
54
1474
1474
54
1474
1474
54
1474
1474
54
1474
1474
1474
54
1474
1474
54
1474
1474
54
1474
1474
1474
1474
1474
1474
1474
1474
1474
1474
54
1474
1474
1474
54
1474
1474
54
1474
1474
54
1474
1474
1474
54
1474
1474
54
1474
1474
1474
1474
54
1474
1474
1474
1474
54
1474
1474
54
1474
1474
54
1474
1474
1474
1474
1474
54
1474
1474
54
1474
54
1474
1474
1474
54
1474
1474
1474
1474
54
1474
1474
1474
1474
54
1474
1474
1474
1474
54
1474
1474
1474
1474
1474
54
1474
1474
1474
1474
1474
1474
1474
1474
54
1474
1474
1474
54
1474
1474
1474
54
1474
1474
54
1474
1474
1474
54
1474
1474
54
1474
54
1474
1474
1474
1474
54
1474
1474
54
1474
1474
54
1474
1474
54
1474
1474
1474
1474
1474
1474
54
1474
1474
1474
1474
54
1474
1474
54
1474
1474
1474
54
1474
54
1474
1474
1474
54
1474
1474
54
1474
1474
1474
1474
54
1474
54
1474
1474
1474
1474
54
1474
1474
54
1474
1474
54
1474
1474
54
1474
1474
1474
54
1474
54
1474
1474
54
1474
1474
54
1474
1474
54
1474
1474
54
1474
1474
54
1474
1474
54
1474
1474
1474
54
1474
1474
54
1474
1474
54
1474
1474
54
1474
54
1474
1474
1474
54
1474
1474
54
1474
1474
54
1474
1474
1474
1474
1474
1474
1474
1474
54
1474
1474
1474
1474
54
1474
1474
1474
1474
54
1474
1474
54
1474
1474
54
1474
1474
1474
54
1474
1474
1474
54
1474
1474
54
1474
1474
1474
1474
1474
1474
54
1474
1474
1474
1474
54
1474
1474
1474
54
1474
1474
1474
1474
54
1474
1474
54
1474
1474
1474
54
1474
54
1474
1474
1474
54
1474
1474
54
1474
1474
1474
54
1474
1474
1474
1474
54
1474
1474
54
1474
1474
1474
1474
1474
54
1474
1474
1474
54
1474
1474
54
1474
1474
1474
54
1474
54
1474
1474
54
1474
1474
1474
1474
54
1474
1474
1474
54
1474
1474
54
1474
54
1474
1474
1474
1474
1474
1474
1474
1474
1474
54
1474
1474
1474
1474
54
1474
1474
54
1474
1474
1474
54
1474
1474
54
1474
1474
1474
1474
1474
54
1474
1474
1474
54
1474
1474
54
1474
1474
1474
1474
1474
1474
1474
1474
1474
1474
1474
1474
1474
1474
1474
1474
1474
1474
1474
1474
54
1474
1474
1474
1474
1474
1474
54
1474
1474
1474
1474
54
1474
1474
1474
54
1474
1474
54
1474
1474
1474
54
1474
1474
54
1474
1474
1474
54
1474
54
1474
1474
1474
54
1474
1474
54
1474
1474
1474
1474
54
1474
1474
1474
54
1474
1474
1474
54
1474
1474
54
1474
1474
1474
1474
1474
1474
1474
54
1474
1474
54
1474
1474
54
1474
1474
1474
54
1474
54
1474
1474
1474
54
1474
1474
1474
1474
1474
54
1474
1474
1474
1474
1474
54
66
1474
1474
1474
1474
1474
54
1474
1474
1474
1474
54
1474
1474
54
1474
1474
1474
54
1474
1474
54
1474
1474
1474
1474
1474
1474
54
1474
1474
54
1474
1474
1474
54
1474
1474
54
1474
1474
54
1474
1474
54
1474
1474
1474
54
1474
1474
54
1474
1474
1474
1474
54
1474
1474
54
1474
54
1474
1474
1474
54
1474
54
1474
1474
1474
54
1474
54
1474
1474
1474
54
1474
66
1474
54
54
571
1474
1474
1474
1474
1474
1474
54
1474
1474
1474
1474
54
1474
1474
54
1474
1474
1474
1474
1474
54
1474
1474
1474
1474
54
1474
1474
54
1474
1474
54
1474
1474
1474
1474
1474
54
1474
1474
54
1474
1474
54
1474
1474
1474
1474
1474
1474
54
1474
1474
1474
1474
54
1474
1474
54
1474
1474
54
1474
1474
54
1474
1474
66
1474
1474
1474
1474
66
66
66
66
1474
54
205
66
1474
1474
1474
66
66
66
270
1474
66
1345
1474
66
1474
1474
1474
66
66
66
1474
1474
1474
1474
1474
1474
1474
1474
66
66
66
66
66
66
66
66
1474
1474
1474
1474
1474
1474
1474
66
66
66
66
66
66
66
1474
1474
1474
1474
1474
1474
1474
1474
1474
1474
1474
1474
1474
1474
1474
66
66
66
66
66
66
66
66
66
66
66
66
66
66
66
1474
66
1474
1474
1474
1474
1474
66
66
66
66
66
1474
1474
1474
1474
1474
1474
1474
1474
1474
1474
54
1474
1474
66
66
66
54
54
54
1474
1474
1474
1474
54
1474
1474
1474
1474
1474
1474
54
1474
1474
1474
1474
1474
1474
1474
1474
54
54
1474
1474
1474
1474
1474
1474
54
741
1474
1474
54
1474
1474
1474
54
1474
54
1474
1474
54
1474
1474
1474
54
1474
1474
54
1474
54
1474
1474
54
1474
1474
1474
54
1474
1474
54
1474
1474
54
1474
54
1474
1474
54
1474
1474
54
1474
1474
1474
54
1474
54
1474
1474
1474
1474
54
1474
1474
1474
1474
54
1474
1474
54
1474
1474
1474
54
1474
54
1474
1474
54
1474
1474
54
1474
1474
54
1474
1474
1474
54
1474
54
1474
1474
1474
54
1474
1474
1474
54
1474
1474
1474
54
1474
1474
54
1294
1474
54
1474
54
1474
1474
54
1474
1474
54
1474
1474
54
1474
1474
54
1474
1474
54
1474
1474
54
1474
1474
1474
1474
234
54
1474
1474
54
1294
1474
1474
54
1474
1474
1474
1474
54
1474
1474
54
1474
1474
1474
1474
1474
54
1474
1474
1474
54
54
1474
1474
54
1474
1474
234
54
1474
1474
54
1474
1474
1474
1474
1474
1474
1474
1474
1474
1474
1474
1474
1474
54
1474
1474
1474
1474
1474
1474
1474
1474
54
1474
1474
1474
1474
1474
1474
1474
1474
66
74
74
82
90
90
90
90
1474
90
1474
1474
1474
1474
1474
90
90
90
90
90
1474
1474
1474
90
90
90
1474
1474
1474
90
90
90
1474
1474
90
90
1474
1474
1474
1474
1474
1226
1318
1474
1474
90
90
90
90
90
90
90
90
90
1474
1474
318
1474
90
90
90
90
1474
1474
1474
90
90
90
1474
1474
1474
1474
90
90
90
90
1474
1474
1474
90
90
90
1474
1474
1474
1474
1474
1474
560
1474
1474
1474
1474
1474
1474
90
90
90
90
90
90
90
90
90
90
90
90
90
1474
90
1474
1474
90
90
1474
90
1474
90
1474
90
1474
90
1474
90
1474
90
1474
1474
90
90
1474
90
1474
90
1474
1474
90
90
1474
90
1474
1474
90
90
1474
90
1474
1474
1474
90
90
90
1474
90
1474
90
1474
90
1474
1474
90
90
1474
1474
90
90
194
82
1474
1474
74
66
1274
54
392
578
54
504
100
54
54
100
128
54
92
100
54
100
54
1349
1474
1474
54
1474
1474
1474
54
1474
1474
54
1474
1474
1474
1474
1474
54
1474
1474
1474
1474
1474
1474
1474
1474
54
1474
1474
54
1474
1474
54
1474
1474
1474
54
1474
54
1474
1474
1474
1474
1474
1474
1474
54
1474
1474
1474
1474
54
1474
1474
54
1474
54
1474
1474
54
1474
1474
1474
54
1474
1474
1474
1474
1474
1474
54
1474
1474
1474
54
1474
1474
1474
1474
1474
1474
1474
1474
1474
54
1474
1474
1474
1474
54
1474
1474
1474
1474
54
1474
54
1474
1474
54
1474
1474
54
1474
1474
1474
54
1474
1474
1474
54
1474
1474
54
1474
1474
1474
54
1474
1474
54
1474
1474
1474
54
1474
1474
54
1474
1474
54
1474
1474
54
1474
1474
1474
54
1474
1474
54
1474
54
1474
1474
1474
1474
1474
54
1474
1474
1474
54
1474
1474
54
1474
1474
1474
54
1474
1474
54
1474
1474
54
1474
1474
54
1474
1474
1474
54
1474
1474
54
1474
1474
1474
1474
54
1474
1474
1474
1474
1474
54
1474
54
1474
1474
1474
66
1474
1474
66
66
1474
1474
1474
66
66
74
1474
1474
1474
74
74
82
1474
1474
1474
82
82
82
1474
1474
1474
90
90
90
1474
1474
1474
1474
90
90
90
90
1474
1474
1474
1474
1474
1474
1474
1474
90
90
90
90
90
90
90
90
1474
1474
90
90
1474
1474
1474
1474
90
90
90
90
1474
1474
90
90
1474
1474
1474
1474
1474
1474
1474
1474
1474
1474
90
90
90
90
90
90
90
90
90
90
1474
1474
1474
1474
1474
1474
1474
90
90
90
90
90
90
90
1474
1474
1474
1474
1474
1474
90
90
90
90
90
90
1474
1474
1474
1474
1474
1474
90
90
90
90
90
90
1474
1474
1474
1474
90
90
90
90
1474
1474
1474
90
90
90
1474
1474
90
90
1474
1474
1474
90
90
90
1474
1474
90
90
1474
90
1474
90
1474
90
1474
90
1474
90
1474
82
1474
74
1474
66
1474
54
1474
1474
54
1474
1474
54
1474
1474
54
1474
1474
54
1474
1474
1474
54
1474
54
1474
1474
54
1474
1474
54
1474
1474
54
1474
1474
1474
1474
54
1474
1474
1474
1474
1474
1474
1474
54
1474
1474
1474
1474
54
1474
1474
1474
54
1474
1474
1474
1474
1474
54
1474
1474
1474
54
1474
1474
54
1474
1474
54
1474
1474
1474
1474
54
1474
1474
1474
54
1474
1474
1474
1474
1474
1474
1474
1474
1474
54
1474
1474
1474
1474
54
1474
1474
1474
54
1474
1474
54
1474
1474
54
1474
1474
54
1474
54
1474
1474
54
1474
1474
54
1474
1474
54
1474
1474
1474
54
1474
54
1474
1474
1474
54
1474
1474
54
1474
54
1474
1474
54
1474
1474
54
1474
1474
1474
54
1474
54
1474
1474
1474
54
1474
1474
54
1474
1474
1474
54
1474
1474
54
1474
1474
54
1474
1474
54
1474
1474
1474
1474
54
1474
1474
1474
1474
1474
54
1474
1474
54
1474
1474
54
1474
1474
54
1474
54
1474
1474
1474
54
1474
1474
54
1474
1474
54
1474
54
1474
1474
1474
1474
1474
66
66
66
66
66
1474
74
1474
1474
74
74
1474
1474
74
74
1474
1474
74
74
1474
1474
1474
1474
74
74
74
74
1474
1474
1474
1474
1474
74
74
74
74
74
1474
1474
1474
74
74
74
1474
1474
1474
74
82
82
1474
1474
1474
82
82
82
1474
1474
82
82
1474
1474
1474
82
82
82
1474
1474
82
82
1474
82
1474
1474
82
82
1474
1474
82
82
1474
1474
82
82
1474
1474
82
82
1474
1474
1474
82
82
90
1474
1474
90
90
1474
1474
1474
90
90
90
1474
1474
90
90
1474
90
1474
1474
1474
90
82
82
1474
82
1474
1474
74
74
1474
1474
1474
1474
1474
1474
1474
74
74
74
74
74
74
74
1474
1474
1474
1474
74
74
74
74
1474
1474
66
66
1474
66
1474
1474
1474
66
66
66
1474
1474
66
66
1474
1474
66
66
1474
66
1474
66
1474
66
1474
66
1474
66
1474
66
1474
54
1474
1474
54
1474
1474
54
1474
1474
54
1474
1474
1474
1474
54
1474
1474
54
1474
1474
1474
1474
54
1474
1474
1474
1474
54
1474
1474
1474
1474
54
1474
1474
54
1474
1474
1474
54
1474
1474
1474
54
1474
1474
1474
1474
54
1474
1474
54
1474
1474
54
1474
1474
1474
54
1474
54
1474
1474
54
1474
1474
54
1474
1474
54
1474
1474
1474
1474
1474
1474
1474
1474
1474
1474
54
1474
1474
1474
1474
1474
54
1474
1474
1474
54
1474
1474
1474
54
1474
1474
54
1474
1474
54
1474
1474
54
1474
54
1474
1474
1474
1474
1474
1474
1474
1474
1474
1474
54
1474
1474
1474
54
1474
1474
1474
54
1474
1474
54
1474
1474
54
1474
1474
1474
54
1474
1474
54
1474
54
1474
1474
54
1474
1474
1474
1474
54
1474
1474
1474
1474
54
1474
1474
54
1474
1474
54
1474
1474
1474
54
1474
1474
54
1474
1474
54
1474
1474
1474
54
1474
1474
1474
54
1474
1474
1474
54
1474
1474
54
1474
1474
1474
54
1474
54
1474
1474
1474
54
1474
1474
54
1474
54
1474
1474
54
1474
1474
54
1474
1474
1474
54
1474
54
1474
1474
54
1474
1474
1474
54
1474
1474
54
1474
1474
1474
54
1474
1474
54
1474
1474
1474
54
1474
1474
54
1474
54
1474
1474
1474
54
1474
1474
54
1474
1474
1474
54
1474
1474
54
1474
1474
54
1474
1474
1474
54
1474
1474
54
1474
1474
54
1474
1474
54
1474
1474
54
1474
54
1474
1474
1474
1474
54
1474
1474
1474
54
1474
1474
1474
1474
54
1474
54
1474
1474
1474
54
1474
54
1474
1474
1474
1474
54
1474
1474
54
1474
1474
1474
1474
1474
1474
54
1474
1474
1474
54
1474
54
1474
1474
1474
1474
54
1474
1474
54
1474
1474
1474
54
1474
1474
54
1474
54
1474
1474
1474
1474
1474
1474
54
1474
1474
1474
54
1474
1474
54
1474
1474
54
1474
1474
1474
54
1474
1474
1474
54
1474
54
1474
1474
1474
54
1474
1474
1474
54
1474
1474
54
1474
1474
1474
54
1474
1474
54
1474
1474
1474
54
1474
1474
1474
54
1474
1474
1474
54
1474
1474
1474
54
1474
1474
54
1474
1474
54
1474
1474
1474
54
1474
1474
54
1474
1474
54
1474
1474
54
1474
1474
1474
54
1474
54
1474
1474
1474
1474
54
1474
1474
54
1474
1474
54
1474
1474
54
1474
1474
54
1474
1474
1474
54
1474
54
1474
1474
1474
54
1474
1474
54
1474
54
1474
1474
1474
1474
54
1474
1474
54
1474
1474
1474
54
1474
1474
54
1474
1474
1474
1474
1474
1474
1474
1474
54
1474
1474
1474
1474
54
1474
1474
1474
1474
1474
1474
1474
1474
54
1474
1474
1474
1474
54
1474
1474
1474
54
1474
1474
1474
54
1474
1474
54
1474
1474
1474
1474
1474
1474
1474
1474
1474
54
1474
1474
1474
1474
54
1474
1474
54
1474
1474
1474
54
1474
1474
54
1474
54
1474
1474
1474
54
1474
54
1474
1474
54
1474
1474
54
1474
1474
1474
1474
1474
1474
1474
1474
1474
1474
1474
1474
1474
1474
1474
1474
1474
1474
1474
1474
1474
1474
1474
1474
54
1474
1474
1474
1474
1474
1474
1474
1474
54
1474
1474
1474
54
1474
1474
1474
1474
1474
54
1474
1474
1474
1474
54
1474
1474
54
1474
1474
1474
1474
54
1474
1474
54
1474
1474
1474
54
1474
54
1474
1474
54
1474
1474
54
1474
1474
54
1474
1474
54
1474
1474
54
1474
1474
54
1474
1474
54
1474
1474
54
1474
1474
1474
1474
1474
1474
54
1474
1474
54
1474
1474
54
1474
1474
1474
1474
1474
1474
1474
1474
54
1474
1474
1474
1474
54
1474
1474
54
1474
1474
1474
1474
1474
1474
1474
1474
1474
1474
54
1474
1474
1474
1474
1474
54
1474
1474
1474
1474
54
1474
1474
1474
54
1474
1474
1474
1474
1474
1474
1474
54
1474
1474
1474
1474
1474
54
1474
1474
54
1474
1474
1474
54
1474
54
1474
1474
1474
1474
54
1474
1474
1474
1474
54
1474
1474
54
1474
1474
1474
1474
54
1474
1474
1474
1474
54
1474
1474
54
1474
1474
1474
54
1474
54
1474
1474
1474
54
1474
1474
1474
1474
1474
1474
1474
1474
1474
1474
1474
1474
1474
1474
1474
1474
1474
1474
1474
1474
1474
1474
54
1474
1474
54
1474
1474
1474
1474
1474
54
1474
1474
1474
1474
1474
1474
1474
1474
1474
54
1474
1474
1474
1474
54
1474
1474
1474
54
1474
1474
54
1474
1474
1474
1474
1474
1474
54
1474
1474
1474
1474
54
1474
1474
54
1474
1474
54
1474
1474
54
1474
1474
54
1474
1474
54
1474
1474
1474
1474
1474
54
1474
1474
1474
54
1474
1474
54
1474
1474
54
1474
1474
54
1474
1474
54
1474
1474
1474
1474
1474
1474
54
1474
1474
54
1474
1474
1474
1474
1474
54
1474
1474
1474
1474
54
1474
1474
54
1474
1474
54
1474
1474
1474
1474
1474
54
1474
1474
1474
54
1474
1474
1474
1474
54
1474
1474
54
1474
1474
1474
54
1474
1474
1474
1474
54
1474
1474
54
1474
1474
1474
1474
54
1474
1474
1474
1474
1474
1474
54
1474
1474
1474
54
1474
1474
1474
54
1474
1474
54
1474
1474
54
1474
1474
54
1474
1474
1474
54
1474
1474
54
1474
1474
1474
54
1474
1474
1474
1474
1474
1474
54
1474
1474
54
1474
1474
54
1474
1474
54
1474
1474
54
1474
1474
54
1474
1474
1474
54
1474
1474
54
1346
1474
1474
1474
54
1474
1474
1474
1474
1474
54
1474
54
1474
1474
1474
1474
1474
54
1474
1474
1474
54
1474
1474
54
1474
1474
1474
1474
1474
1474
1474
1474
1474
54
1474
1474
1474
1474
54
1474
1474
54
1474
1474
1474
54
1474
1474
54
1474
1474
54
1474
1474
54
1474
1474
1474
1474
54
1474
1474
54
1474
1474
1474
1474
1474
1474
1474
1474
1474
1474
1474
54
54
1474
1474
1474
54
1474
1474
1474
54
54
1474
1474
1474
1474
54
54
1474
1474
1474
1474
1474
1474
1474
54
1474
54
1474
1474
54
1474
1474
54
1474
1474
1474
54
1474
54
1474
1474
54
1474
1474
54
1474
1474
54
1474
1474
1474
54
1474
54
1474
1474
1474
1474
1474
66
66
54
1474
1474
54
1474
1474
1474
66
66
66
1474
66
1474
1474
1474
1474
1474
1474
1474
1474
66
74
82
82
66
66
82
90
1474
1474
1474
66
66
90
1474
1474
90
90
1474
1474
90
90
1474
66
1474
1474
1474
90
90
90
1474
74
1474
82
1474
1474
1474
1474
1474
1474
1474
82
90
90
90
90
90
90
1474
1474
1474
90
90
90
1474
1474
90
90
1474
1474
90
90
1474
1474
1474
1474
90
90
90
90
1474
1474
1474
90
90
90
1474
1474
1474
90
90
90
1474
1474
90
90
1474
1474
1474
1474
90
90
90
90
1474
1474
1474
1474
90
90
90
90
1474
90
1474
1474
90
90
1474
1474
90
90
1474
1474
90
90
1474
1474
1474
90
90
90
1474
1474
1474
1474
1474
1474
90
90
90
90
90
90
1474
1474
1474
90
90
90
1474
1474
1474
90
90
90
1474
90
1474
90
1474
82
1474
82
1474
82
1474
74
1474
74
1474
74
1474
66
1474
74
1474
74
1474
66
1474
66
1474
1474
66
54
1474
66
1474
1175
1474
54
1474
1474
1474
54
1474
1474
1474
1474
54
1474
1474
1474
1474
1474
54
1474
54
1474
1474
54
1474
1474
54
1474
1474
54
1474
1474
54
1474
1474
54
1474
1474
54
1474
1474
54
1474
1474
54
1474
1474
54
1474
1474
1474
54
1474
54
1474
1474
1474
54
1474
54
1474
1474
1474
1474
1474
1474
1474
54
1474
1474
54
1474
54
1474
1474
54
1474
1474
1474
54
1474
54
1474
1474
54
1474
1474
54
1474
1474
54
1474
1474
54
1474
1474
1474
54
1474
54
1474
1474
1474
1474
1474
1474
1474
1474
54
1474
1474
1474
1474
54
1474
1474
1474
54
1474
54
1474
1474
1474
54
1474
1474
54
1474
54
1474
1474
1474
54
1474
1474
1474
54
1474
1474
54
1474
54
1474
1474
54
1474
54
1474
1474
1474
1474
1474
1474
54
1474
1474
54
1474
1474
54
1474
1474
1474
54
1474
54
1474
1474
1474
54
1474
1474
54
1474
1474
54
1474
54
1474
1474
54
1474
1474
54
1474
1474
1474
54
1474
1474
54
1474
54
1474
1474
1474
1474
54
1474
1474
54
1474
1474
1474
1474
54
1474
1474
54
1474
1474
1474
54
1474
1474
54
1474
1474
1474
54
1474
1474
54
1474
1474
54
1474
1474
54
1403
54
55
66
55
66
55
66
55
66
55
66
1346
1474
1474
1474
1474
1474
54
1474
54
1474
1474
1474
1474
1474
54
1474
54
1474
1474
54
1474
1474
54
1474
1474
1474
54
1474
1474
1474
1474
1474
54
1474
1474
54
1474
1474
1474
1474
1474
1474
1474
1474
1474
1474
54
1474
1474
1474
54
1474
1474
54
1474
1474
1474
54
1474
1474
1474
1474
1474
1474
54
1474
1474
54
1474
1474
54
1474
1474
54
1474
1474
54
1474
1474
1474
54
1474
54
1474
1474
1474
1474
54
1474
1474
54
1474
1474
54
1474
1474
1474
54
1474
54
1474
1474
54
1474
1474
1474
1474
54
1474
1474
54
1474
1474
1474
1474
1474
54
1474
1474
1474
54
1474
1474
1474
1474
1474
54
1474
1474
54
1474
54
1474
1474
1474
1474
54
1474
1474
1474
54
1474
1474
54
1474
1474
54
1474
1474
54
1474
1474
1474
54
1474
1474
54
1474
1474
54
1474
1474
1474
54
1474
54
1474
1474
1474
1474
54
1474
1474
1474
1474
54
1474
1474
1474
1474
54
1474
1474
54
1474
1474
54
1474
1474
54
1474
1474
1474
1474
54
1474
1474
1474
54
1474
1474
1474
1474
1474
1474
1474
54
1474
1474
1474
1474
54
1474
1474
54
1349
1474
1474
54
1474
1474
54
1474
1474
1474
1474
1474
1474
54
1474
1474
1474
54
1474
1474
54
1474
54
1474
1474
54
1474
1474
1474
54
1474
1474
54
1474
54
1474
1474
1474
54
1474
1474
54
1474
1474
1474
1474
1474
1474
1474
1474
1474
1474
1474
1474
54
1474
1474
1474
1474
54
1474
1474
1474
54
1474
1474
1474
1474
54
54
1474
1474
54
1474
1474
54
1474
1474
54
1474
1474
1474
1474
54
54
1474
1474
1474
1474
1474
54
54
1474
54
1474
1474
54
1474
1474
1474
54
1474
1474
1474
54
54
1474
1474
1474
54
1474
1474
1474
54
54
1474
1474
1474
1474
54
1474
1474
1474
68
54
54
1474
1474
1474
1474
1474
1474
1474
54
1474
1474
54
1474
1474
54
1474
54
1474
1474
54
1474
1474
1474
1474
1474
1474
54
1474
1474
54
1474
1474
54
1474
1474
54
1474
1474
54
1474
1474
1474
1474
1474
54
1474
54
1474
1474
1474
1474
54
1474
1474
1474
1474
1474
1474
1474
54
1474
1474
1474
1474
54
1474
1474
54
1474
1474
54
1474
1474
54
1474
1474
54
1474
1474
1474
1474
1474
1474
1474
1474
1474
54
1474
1474
1474
1474
1474
1474
1474
54
1474
1474
1474
1474
1474
1474
1474
1474
54
1474
1474
1474
1474
54
1474
1474
54
1474
1474
54
1474
54
1474
1474
54
1474
1474
1474
1474
54
1474
1474
1474
1474
54
1474
1474
1474
54
1474
1474
1474
1474
1474
54
1474
1474
1474
54
1474
1474
1474
54
1474
1474
54
1474
1474
1474
54
1474
54
1474
1474
54
1474
1474
54
1474
1474
1474
54
1474
1474
1474
54
1474
1474
1474
54
1474
1474
54
1474
54
1474
1474
1474
1474
54
1474
1474
54
1474
1474
54
1474
1474
54
1474
1474
1474
1474
54
1474
1474
54
1474
1474
54
1474
1474
1474
54
1474
1474
54
1474
1474
54
1474
54
1474
1474
1474
54
1474
54
1474
1474
1474
54
1474
1474
54
1474
54
1474
1474
1474
54
1474
1474
54
1474
1474
54
1474
1474
54
1474
1474
1474
54
1474
1474
54
1474
1474
1474
54
1474
54
1474
1474
54
1474
1474
1474
1474
54
1474
1474
1474
54
1474
1474
54
1474
1474
1474
54
1474
1474
1474
1474
54
1474
1474
1474
54
1474
1474
54
1474
1474
1474
1474
54
1474
1474
1474
54
1474
1474
1474
54
1474
54
1474
1474
1474
1474
54
1474
1474
1474
54
1474
1474
54
1474
1474
1474
54
1474
1474
54
1474
1474
1474
1474
54
1474
1474
54
1474
1474
1474
1474
54
1474
1474
54
1474
1474
54
1474
1474
1474
1474
1474
54
1474
54
1474
1474
1474
1474
1474
54
1474
54
1474
1474
1474
1474
1474
1474
1474
1474
1474
1474
1474
54
1474
1474
1474
1474
54
1474
1474
1474
1474
54
1474
1474
54
1474
1474
1474
54
1474
1474
54
1474
1474
1474
54
1474
1474
54
1474
1474
54
1474
54
1474
1474
54
1474
1474
1474
1474
1474
1474
1474
1474
54
1474
1474
1474
1474
54
1474
1474
1474
54
1474
1474
1474
1474
54
1474
1474
1474
1474
54
1474
1474
1474
54
1474
1474
1474
1474
54
1474
1474
54
1474
1474
1474
54
1474
1474
54
1474
1474
54
1474
54
1474
1474
54
1474
1474
1474
1474
54
1474
1474
54
1474
1474
54
1474
1474
1474
54
1474
1474
54
1474
1474
1474
1474
1474
54
1474
1474
54
1474
1474
1474
1474
54
1474
1474
54
1474
1474
1474
54
1474
54
1474
1474
1474
54
1474
1474
1474
1474
1474
1474
1474
54
1474
1474
1474
1474
54
1474
1474
1474
54
1474
1474
54
1474
1474
1474
54
1474
1474
54
1474
1474
1474
1474
1474
1474
54
1474
1474
1474
54
1474
1474
1474
54
1474
1474
1474
1474
54
1474
1474
1474
54
1474
1474
54
1474
1474
54
1474
1474
54
1474
54
1474
1474
54
1474
1474
54
1474
1474
1474
54
1474
54
1474
1474
54
1474
1474
54
1474
1474
1474
1474
54
1474
1474
54
1474
1474
54
1474
1474
54
1474
1474
1474
1474
54
1474
1474
54
1474
1474
1474
54
1474
1474
1474
1474
54
1474
1474
1474
1474
1474
54
1474
1474
1474
54
1474
1474
1474
54
1474
1474
54
1474
1474
54
1474
1474
54
1474
1474
1474
1474
54
1474
1474
54
1474
1474
1474
54
1474
1474
54
1474
1474
1474
1474
54
1474
1474
1474
54
1474
1474
1474
54
1474
1474
54
1474
54
1474
1474
1474
1474
1474
1474
1474
54
1474
1474
1474
1474
54
1474
1474
54
1474
1474
1474
54
1474
1474
1474
1474
54
1474
1474
54
1474
1474
1474
54
1474
1474
54
1474
54
1474
1474
54
1474
1474
54
1474
1474
1474
54
1474
54
1474
1474
1474
54
1474
1474
54
1474
54
1474
1474
54
1474
1474
1474
54
1474
54
1474
1474
54
1474
1474
1474
1474
1474
1474
1474
1474
1474
1474
54
1474
1474
1474
1474
54
1474
1474
54
1474
1474
1474
54
1474
1474
54
1474
1474
54
1474
1474
1474
54
1474
1474
54
1474
1474
54
1474
1474
1474
54
1474
1474
1474
1474
1474
1474
1474
1474
1474
1474
54
1474
1474
1474
54
1474
1474
1474
54
1474
1474
54
1474
1474
1474
54
1474
1474
1474
1474
54
1474
1474
54
1474
1474
1474
1474
1474
1474
1474
54
1474
1474
54
1474
1474
1474
54
1474
1474
1474
54
1474
1474
1474
54
1474
1474
1474
54
1474
1474
54
1474
1474
54
1474
1474
1474
54
1474
1474
54
1474
1474
1474
1474
54
1474
1474
1474
1474
54
1474
1474
1474
1474
1474
54
1474
54
1474
1474
54
1474
1474
54
1474
1474
54
1474
1474
1474
54
1474
54
1474
1474
1474
54
1474
1474
1474
54
1474
1474
1474
54
1474
1474
54
1474
54
1474
1474
1474
54
1474
1474
54
1474
1474
54
1474
54
1474
1474
54
1474
1474
1474
54
1474
54
1474
1474
54
1474
1474
54
1474
1474
54
1474
1474
1474
54
1474
54
1474
1474
1474
54
1474
1474
54
1474
1474
1474
54
1474
1474
54
1474
1474
1474
54
1474
54
1474
1474
1474
54
1474
1474
54
1474
54
1474
1474
54
1474
1474
54
1474
1474
1474
1474
54
1474
1474
1474
54
1474
1474
54
1474
1474
54
1474
1474
1474
54
1474
1474
1474
1474
54
1474
1474
1474
1474
54
1474
1474
54
1474
1474
1474
54
1474
54
1474
1474
1474
1474
54
1474
1474
54
1474
1474
1474
54
1474
54
1474
1474
54
1474
1474
1474
54
1474
54
1474
1474
1474
54
1474
1474
1474
54
1474
1474
1474
54
1474
1474
54
1474
1474
1474
1474
54
1474
1474
1474
54
1474
1474
1474
1474
1474
1474
1474
54
1474
1474
1474
1474
1474
54
1474
1474
1474
54
1474
1474
54
1474
54
1474
1474
1474
54
1474
1474
54
1474
1474
54
1474
1474
54
1474
54
1474
1474
54
1474
1474
54
1474
1474
1474
1474
54
1474
1474
1474
1474
54
1474
1474
1474
54
1474
1474
54
1474
1474
54
1474
54
1474
1474
1474
54
1474
1474
1474
1474
1474
1474
1474
54
1474
1474
1474
1474
54
1474
1474
1474
1474
54
1474
1474
54
1474
1474
54
1474
1474
1474
54
1474
1474
54
1474
54
1474
1474
1474
1474
54
1474
1474
54
1474
1474
54
1474
1474
54
1474
1474
54
1474
1474
1474
54
1474
54
1474
1474
1474
54
1474
1474
54
1474
1474
1474
1474
1474
1474
1474
1474
1474
54
1474
1474
1474
54
1474
1474
1474
54
1474
1474
1474
1474
54
1474
1474
54
1474
1474
54
1474
1474
54
1474
1474
54
1474
1474
1474
54
1474
1474
1474
1474
54
1474
54
1474
1474
1474
1474
54
1474
1474
1474
1474
54
1474
1474
54
1474
1474
54
1474
1474
54
1474
1474
1474
1474
1474
54
1474
1474
1474
54
1474
1474
54
1474
1474
1474
1474
54
1474
1474
1474
54
1474
1474
54
1474
1474
1474
54
1474
1474
1474
54
1474
1474
54
1474
1474
54
1474
1474
1474
54
1474
1474
1474
54
1474
1474
54
1474
1474
54
1474
54
1474
1474
1474
54
1474
54
1474
1474
1474
1474
54
1474
1474
54
1474
1474
54
1474
1474
54
1474
1474
1474
54
1474
1474
54
1474
1474
1474
54
1474
1474
54
1474
1474
54
1474
1474
1474
54
1474
54
1474
1474
54
1474
1474
54
1474
1474
1474
54
1474
54
1474
1474
1474
1474
54
1474
1474
1474
54
1474
54
1474
1474
1474
54
1474
1474
54
1474
1078
54
55
66
55
66
55
66
1346
1474
1474
54
1474
1474
1474
54
1474
1474
54
1474
1474
1474
54
1474
1474
54
1474
1474
1474
54
1474
54
1474
1474
54
1474
1474
54
1474
1474
1474
54
1474
54
1474
1474
54
1474
1474
1474
54
1474
54
1474
1474
54
1474
1474
1474
54
1474
54
1474
1474
1474
54
1474
54
1474
1474
54
1474
1474
1474
54
1474
54
1474
1474
1474
1474
54
1474
1474
54
1474
1474
54
1474
1474
54
1474
1474
1474
54
1474
1474
1474
1474
1474
54
1474
1474
54
1474
1474
54
1474
1474
1474
1474
54
1474
1474
1474
54
1474
54
1474
1474
1474
1474
54
1474
1474
1474
1474
54
1474
1474
920
54
440
100
54
54
100
128
54
92
100
54
100
54
55
66
514
100
54
54
100
128
54
92
100
54
100
54
388
1474
315
54
55
66
54
54
54
54
54
54
54
54
392
578
54
55
66
55
66
55
66
55
66
55
66
55
66
55
66
55
66
442
100
54
54
100
128
54
92
100
54
100
54
488
54
128
92
100
54
100
54
55
117
54
54
54
54
66
117
54
54
54
54
54
117
54
54
54
54
388
1474
315
54
55
66
489
100
54
54
100
128
54
92
100
54
100
100
66
55
66
55
66
55
66
392
578
54
446
54
128
92
100
54
100
54
55
66
55
66
55
66
1073
100
1026
54
54
100
194
54
92
100
54
100
54
327
100
54
54
100
128
54
92
100
54
100
54
489
100
54
54
100
128
54
92
100
54
100
54
1102
100
255
54
54
100
54
54
348
487
100
54
100
100
66
54
388
1474
315
54
66
66
54
571
54
214
270
107
104
96
110
92
96
54
92
54
54
446
100
54
54
100
128
54
92
100
54
100
54
55
66
55
66
55
66
392
578
54
489
100
54
54
100
128
54
92
100
54
100
54
55
66
66
433
501
220
100
66
54
256
54
54
128
92
100
54
100
105
92
100
54
100
54
54
100
54
1474
1474
54
1424
345
134
54
1474
107
104
1398
96
54
314
100
54
348
110
96
54
92
54
92
317
54
1474
1474
54
1474
1474
1474
54
1474
1474
1474
1474
1474
54
1474
1474
54
1474
1474
54
589
100
54
54
55
66
349
54
214
442
54
828
66
66
66
54
278
66
54
278
54
54
1474
1474
54
846
1474
1474
54
846
345
345
54
364
364
468
465
569
472
100
477
270
54
1474
1474
54
1474
1474
1474
1474
1474
1474
275
54
54
1333
1335
54
100
128
54
92
100
54
100
105
92
100
1474
1474
1474
1474
1474
1474
1474
54
54
100
1474
1474
1474
54
1474
1474
1474
54
1474
1474
54
1474
1474
1474
54
54
1474
1474
1474
54
1474
1474
54
191
1474
1474
1474
1474
1474
54
1474
1474
1474
1474
1474
1474
1474
1474
1474
1474
1474
1474
1474
1474
1474
1474
1474
1474
1474
1474
54
54
1474
1474
1474
54
1474
1474
1474
1474
54
54
1474
1474
1474
1474
1474
54
54
1474
1474
1474
54
54
1474
1474
1474
54
1474
1474
54
524
1474
1474
1474
54
1474
1474
1057
54
1474
1474
54
1474
1474
1474
1474
54
1474
1474
54
1474
1474
54
1474
1474
54
1474
1474
1474
1474
1474
54
1474
1474
1474
1474
1474
1474
54
1474
1474
54
1474
1474
54
1474
1474
1474
1474
54
1474
1474
1474
1474
1474
54
1474
1474
54
1474
1474
1474
1474
1474
1474
54
1474
1474
1474
54
1474
1474
1474
1474
1474
1474
1474
1474
54
1474
1474
1474
54
1294
1474
54
1474
1474
1474
1474
1474
1474
1474
1474
1474
1474
1474
54
1474
1474
234
54
1474
1474
1474
1474
1474
1474
54
1474
1474
1474
54
1340
1474
1474
1294
54
1474
1474
1474
54
1474
1474
1474
54
1474
1474
1474
1474
1474
1474
54
54
1474
1474
1474
1474
1474
1474
54
1474
1474
54
1253
276
1474
1474
1474
1474
1474
1474
1474
1474
54
54
1474
1474
54
66
1474
234
1474
1474
66
66
66
66
1474
1474
1474
66
74
74
1474
1474
74
74
1474
74
1474
1474
1474
1474
1474
74
74
74
74
74
1474
1474
74
74
1474
74
1474
1474
1474
1474
1474
1474
1474
1171
92
100
74
74
74
74
74
74
74
74
66
66
1474
1474
1474
1474
1474
1474
1474
1474
1474
54
1474
1474
54
1474
1474
54
1474
1474
54
1474
1474
1474
1474
54
1474
1474
1474
1474
1474
66
66
74
1474
1474
82
82
563
1474
1474
1474
82
90
90
1474
1474
90
90
1474
1474
1474
54
1474
1474
90
90
90
90
90
1474
270
1474
54
90
90
66
1474
90
1474
1474
1474
1474
90
90
90
90
1474
1474
1474
1474
1474
90
90
90
90
90
1474
1474
90
90
1474
1474
1474
1474
1474
1474
1474
1258
1474
1474
1474
1474
1474
1474
90
90
90
90
90
90
90
90
90
90
90
90
90
90
1474
1474
105
138
82
74
54
100
1474
66
1474
54
169
100
1474
54
1474
1474
1294
1474
54
1474
1474
54
1474
1474
1474
1474
54
1474
1474
1474
54
112
1316
100
1474
66
66
66
54
1474
1474
1474
54
1474
1474
54
1474
54
1474
234
1474
54
1474
54
1474
1474
54
1474
1474
1474
1474
1474
1474
1474
54
1474
1474
1474
54
1474
1474
66
1474
54
54
272
1474
1474
1474
54
1474
1474
1474
1474
54
1474
1474
1474
1474
1474
1474
1474
1474
1474
1474
1474
1474
1474
1474
1474
1474
1474
1474
1474
1474
1474
1474
54
560
1474
1474
1474
1474
1474
1474
1474
1474
54
1474
1474
1474
1474
1171
54
54
54
54
100
105
92
100
126
92
100
85
66
66
66
54
54
100
100
100
100
54
1474
1474
54
1310
651
54
180
54
105
138
54
100
54
332
810
54
54
1474
54
1341
54
1474
1474
54
1474
1474
168
54
54
54
54
54
54
611
263
730
1474
1474
54
1474
1474
54
1474
1474
54
1474
1474
54
1474
1474
54
1474
1474
54
1474
1474
54
574
483
1474
1474
1474
1474
54
654
1474
1474
54
1474
1474
54
1474
1474
1474
54
1474
54
1474
1474
1474
54
1474
54
1474
1474
1474
54
1474
54
1474
1474
54
1474
1474
1474
54
1474
1474
1474
54
1474
1474
54
1474
1474
1474
1474
54
66
66
1474
1474
1474
1474
1474
1474
1474
1474
54
1474
1474
1474
234
54
54
55
54
105
92
100
54
100
54
103
92
54
100
100
128
138
54
100
54
66
54
255
66
54
255
66
105
92
100
105
54
100
92
100
54
100
105
92
100
54
100
1344
54
1474
1474
54
1474
1474
54
1474
1474
1474
54
1474
1474
54
1474
54
1474
1474
54
1474
1474
54
1474
1474
54
1474
1474
1474
54
1474
1474
54
1474
1474
54
1474
1474
54
1474
54
1474
54
1474
1474
1474
54
54
1474
1474
54
1474
1474
1474
1474
54
1474
1474
54
1474
1474
54
1474
1474
54
1474
1474
1474
54
1474
1474
54
1474
1474
1474
54
1474
1474
54
1474
1474
1474
54
1474
1474
54
1474
54
1474
1474
1474
1474
54
1474
1474
1474
54
1474
1474
54
1474
1474
1474
54
1474
1474
1474
54
1474
1474
54
1474
1474
54
1474
1474
1474
54
1474
1474
1474
1474
1474
54
1474
1474
54
1474
1474
1474
1474
1474
54
1474
1474
1474
54
1474
1474
1474
1474
1474
1474
54
1474
1474
1474
1474
54
54
1474
1474
54
1474
1474
1310
169
54
1474
1474
1474
1474
1474
1474
1474
1474
1474
1474
1474
1474
54
345
1474
1474
1474
54
54
1474
1474
1474
54
1474
1474
1310
169
54
54
1474
1474
1474
1474
1474
1474
54
345
1474
1474
1474
1474
1474
1474
1474
1474
1474
1474
1474
1474
54
1474
1474
54
1474
1474
1474
54
1474
1474
1474
54
1474
1474
1474
1474
1474
1474
1474
1474
54
107
104
96
311
134
1474
1474
1474
1474
1474
1474
54
1474
1474
54
1474
1474
54
1474
1474
1474
54
1474
1474
54
1474
1474
1474
1474
54
1474
1474
1474
1474
1474
54
1474
1474
1474
1474
54
1474
1474
54
1474
1474
54
1474
1474
1474
1474
54
1474
54
1474
1474
54
1474
1474
54
1474
1474
1474
54
1474
54
1474
1474
54
1474
1474
54
1474
1474
54
1474
1474
54
1474
1474
1474
1474
1474
1474
1474
1474
54
1474
1474
1474
1474
1474
1474
1474
1474
1474
1474
54
1474
1474
1474
54
1474
1474
54
1474
1474
1474
1474
54
1474
54
1474
1474
1474
1474
54
1474
1474
1474
1474
54
1474
1474
1474
1474
1474
1474
1474
1474
54
1474
54
1474
1474
1474
54
1474
1474
54
1474
1474
1474
1474
54
1474
1474
1474
54
1474
1474
54
1474
1474
54
1474
54
1474
1474
1474
1474
1474
1474
1474
54
1474
1474
1474
54
1474
1474
54
1474
1474
1474
54
1474
1474
1474
1474
1474
54
1474
1474
54
1474
1474
1474
54
1474
1474
54
1474
1474
1342
54
1474
1474
54
1474
1474
1474
54
1474
1474
1474
1474
54
1474
1474
1474
1474
54
1474
1474
54
1474
1474
1474
54
1474
1474
54
1474
1474
1474
54
1474
1474
54
1474
1474
1474
54
1474
1474
54
1474
1474
1474
1474
54
1474
54
1474
1474
1474
54
1474
1474
54
1474
54
1474
1474
54
1474
1474
54
1474
1474
1474
54
1474
54
1474
348
110
96
1474
54
54
92
1474
1474
1474
54
1474
1474
54
1474
1474
1474
1474
1474
1474
1474
1474
1474
54
54
1474
1474
54
1474
1474
1474
54
1474
1474
1474
1474
1474
1474
1474
1474
1474
1474
1474
1474
1474
1474
1474
66
74
74
54
1474
1474
1474
82
54
1474
90
1474
1474
1474
1474
1474
1474
1474
1474
1474
1474
1474
1474
1474
1474
1474
1474
1474
1474
1474
1474
1474
1474
1474
1474
348
1474
1474
1474
54
54
1474
1474
66
74
90
90
90
82
82
90
82
90
90
90
90
90
90
90
90
90
90
90
90
90
90
90
90
90
90
90
90
1474
170
1474
1474
1474
1474
1474
232
1474
1474
1474
1474
1474
66
74
74
74
74
82
82
82
90
90
90
90
90
1474
1474
1474
1474
1474
1474
90
90
90
90
90
90
1474
90
1474
90
1474
90
1474
1474
1474
90
90
90
1474
90
1474
90
1474
1474
90
90
1474
1474
1474
1474
1474
90
90
90
90
90
1474
1474
90
90
1474
90
1474
1474
90
90
1474
1474
90
90
1474
1474
1474
90
90
90
1474
90
1474
90
1474
90
1474
90
1474
90
1474
90
1474
82
1474
90
1474
90
1474
74
1474
1474
74
90
1474
90
1474
66
1474
1474
66
54
1474
90
1474
1474
1474
90
54
1474
1474
1474
90
82
1474
1474
1474
74
54
1474
1474
66
54
1474
1474
54
1474
54
1474
1474
1474
54
54
1474
1474
54
1474
54
1474
1474
1474
54
1474
1474
54
1474
1474
1474
54
1474
1474
54
1474
1474
54
1474
54
1474
1474
1474
54
1474
1474
54
1474
1474
54
1474
54
1474
1474
1474
54
54
1474
1474
54
1474
54
1474
1474
54
1474
1474
54
1474
1474
1474
54
54
1474
1474
1474
54
1474
1474
54
1474
1474
54
1474
1474
1474
54
54
1474
1474
1474
1474
1474
54
54
1474
1474
54
1474
1474
1474
80
54
54
1474
1474
54
1474
1474
54
1474
1474
54
1474
1474
1474
1474
1474
54
1474
1474
54
1474
1346
1474
54
1474
1344
54
92
82
316
82
1474
74
356
66
100
1474
66
1474
66
1474
54
96
66
54
54
100
100
1474
1474
1474
1474
54
1474
1474
54
1474
1474
1474
54
1474
54
1474
1474
54
1474
1474
54
110
1474
54
1474
54
1474
1474
54
1474
1474
54
1474
1474
1474
1474
1474
54
1474
54
1474
1474
54
1474
1474
54
1474
1474
1474
54
1474
1474
1474
54
1474
1474
54
1474
1474
1474
54
1474
54
1474
1474
54
1474
1474
54
1474
1474
54
1474
1474
1474
54
1474
54
1474
1474
1474
54
1474
54
1474
1474
54
1474
1474
1474
54
1474
1474
1474
54
1474
1474
1474
54
1474
1474
54
1474
1474
54
1474
1474
54
1474
1474
54
1474
1474
1474
54
1474
1474
54
1474
1474
1474
54
1474
54
1474
1474
54
1474
1474
1474
54
1474
1474
54
1474
1474
54
1474
54
1474
1474
1474
1474
1474
54
1474
54
1474
1474
54
1474
1474
54
1474
1474
1474
54
1474
1474
54
1474
1474
54
1474
1474
54
1474
54
1474
1474
54
1474
1474
54
1474
1474
54
1474
1474
1474
1474
54
1474
1474
54
1474
1474
1474
54
1474
54
1474
1474
1474
54
1474
1474
1474
54
1474
1474
1474
1474
54
1474
1474
54
1474
1474
1474
1474
54
1474
1474
1474
54
1474
54
1474
1474
1474
1474
54
1474
1474
1474
54
1474
1474
1474
54
1474
1474
1474
1474
54
1474
1474
1474
54
1474
1474
54
1474
54
1474
1474
1474
54
1474
1474
1474
54
1474
1474
1474
1474
54
1474
1474
54
1474
1474
54
1474
1474
54
1474
1474
54
1474
54
1474
54
1474
1474
1474
1474
1474
1474
1474
54
1474
1474
1474
54
1474
1474
1474
54
1474
1474
1474
54
1474
1474
54
1474
1474
54
1474
1474
1474
1474
1474
54
1474
54
1474
1474
1474
1474
54
1474
1474
54
1474
1474
54
1474
1474
54
1474
1474
1474
1474
54
1474
1474
1474
54
1474
54
1474
1474
1474
1474
1474
1474
1474
1474
54
1474
1474
1474
1474
54
1474
1474
1474
54
1474
1474
54
1474
54
1474
1474
1474
54
1474
1474
54
1474
1474
54
1474
54
1474
1474
54
1474
1474
1474
54
1474
1474
54
1474
1474
1474
1474
54
1474
54
1474
1474
1474
54
1474
1474
1474
54
1474
1474
1474
54
1474
1474
54
1474
1474
54
1474
1474
1474
54
1474
1474
1474
54
1474
54
1474
1474
1474
1474
54
1474
1474
54
1474
1474
1474
54
1474
54
1474
1474
1474
54
1474
1474
54
1474
54
1474
1474
1474
54
1474
54
1474
1474
1474
54
1474
1474
54
1474
54
1474
1474
54
1474
1474
1474
54
1474
1474
1474
54
1474
1474
54
1474
1474
1474
54
1474
54
1474
1474
1474
1474
1474
1474
1474
1474
1474
1474
1474
1474
1474
54
1474
1474
1474
1474
1474
54
1474
1474
54
1474
1474
1474
54
1474
1474
54
1474
54
1474
1474
54
1474
1474
54
1474
1474
54
1474
1474
1474
1474
54
1474
1474
1474
1474
54
1474
1474
54
1474
1474
1474
54
1474
54
1474
1474
1474
54
1474
1474
54
1474
54
1474
1474
1474
54
1474
54
1474
1474
1474
54
1474
1474
1474
1474
54
1474
54
1474
1474
1474
54
1474
1474
54
1474
54
1474
1474
1474
54
1474
54
1474
1474
1474
54
1474
1474
54
1474
54
1474
1474
1474
54
1474
1474
54
1474
1474
1474
1474
1474
54
1474
1474
1474
54
1474
1474
54
1474
1474
1474
54
1474
1474
54
1474
1474
54
1474
1474
54
1474
1474
1474
54
1474
1474
54
1474
1474
1474
54
1474
1474
1474
54
1474
1474
1474
1474
1474
1474
54
1474
1474
54
1474
54
1474
1474
1474
1474
1474
54
1474
1474
1474
54
1474
1474
54
1474
1474
1474
54
1474
1474
1474
1474
54
1474
1474
54
1474
1474
1474
1474
1474
1474
1474
1474
1474
1474
1474
1474
1474
1474
54
1474
1474
1474
1474
1474
54
1474
1474
54
1474
1474
54
1474
1474
1474
54
1474
54
1474
1474
54
1474
1474
1474
54
1474
54
1474
1474
1474
54
1474
54
1474
1474
54
1474
1474
54
1474
1474
1474
54
1474
54
1474
1474
1474
1474
54
1474
1474
54
1474
1474
1474
54
1474
1474
54
1474
1474
54
1474
1474
54
1474
1474
1474
54
1474
1474
1474
1474
1474
54
1474
54
1474
1474
1474
1474
54
1474
1474
54
1474
1474
54
1474
1474
54
1474
1474
1474
54
1474
1474
54
1474
1474
54
1474
54
1474
1474
54
1474
1474
1474
54
1474
54
1474
1474
1474
1474
54
1474
1474
1474
54
1474
54
1474
1474
1474
1474
1474
54
1474
54
1474
1474
1474
1474
1474
1474
1474
1474
1474
1474
1474
1474
1474
1474
1474
54
1474
1474
1474
1474
1474
1474
54
1474
1474
1474
54
1474
1474
54
1474
1474
1474
1474
54
1474
1474
54
1474
1474
1474
1474
1474
1474
1474
1474
1474
54
1474
1474
54
1474
1474
1474
54
1474
1474
54
1474
1474
54
1474
1474
1474
54
1474
1474
54
1474
1474
1474
54
1474
1474
1474
1474
54
1474
1474
1474
1474
1474
54
1474
54
1474
1474
1474
1474
54
1474
1474
1474
1474
54
1474
1474
54
1474
1474
1474
1474
54
1474
1474
54
1474
1474
1474
54
1474
1474
54
1474
1474
1474
54
1474
1474
1474
54
1474
1474
54
1474
1474
1474
54
1474
1474
1474
1474
1474
54
1474
54
1474
1474
54
1474
1474
1474
54
1474
1474
54
1474
1474
1474
54
1474
1474
54
1474
1474
54
1474
1474
54
1474
1474
1474
54
1474
1474
54
1474
54
1474
1474
1474
54
1474
54
1474
1474
54
1474
1474
54
1474
1474
54
1474
1474
54
1474
1474
54
1474
1474
1474
1474
1474
54
1474
1474
1474
1474
1474
54
1474
1474
1474
54
1474
1474
1474
1474
1474
1474
1474
1474
54
1474
1474
54
1474
1474
1474
1474
1474
54
1474
1474
1474
1474
1474
1474
54
1474
1474
1474
1474
1474
1474
1474
1474
1474
54
1474
1474
1474
54
1474
1474
1474
1474
1474
1474
54
1474
1474
1474
1474
54
1474
1474
54
1474
1474
54
1474
1474
54
1474
1474
54
1474
1474
54
1474
1474
1474
54
1474
1474
54
1474
1474
1474
54
1474
1474
54
1474
1474
54
1474
1474
54
1474
1474
54
1474
1474
54
1474
1474
54
1474
1474
1474
1474
1474
54
1474
54
1474
1474
54
1474
1474
54
1474
1474
1474
1474
54
1474
1474
1474
54
1474
1474
54
1474
1474
54
1474
54
1474
1474
1474
54
1474
1474
54
1474
1474
1474
54
1474
1474
54
1474
1474
1474
1474
54
1474
1474
1474
54
1474
1474
54
1474
1474
1474
54
1474
1474
54
1474
1474
1474
1474
54
1474
1474
54
1474
1474
1474
54
1474
54
1474
1474
1474
54
1474
1474
54
1474
54
1474
1474
54
1474
1474
54
1474
1474
1474
1474
1474
1474
54
1474
1474
1474
54
1474
1474
54
1474
1474
1474
54
1474
1474
54
1474
1474
1474
1474
54
1474
1474
1474
54
1474
1474
1474
1474
54
1474
1474
54
1474
54
1474
1474
54
1474
1474
54
1474
1474
54
1474
1474
54
1343
1474
1474
1474
54
1474
1474
54
1474
1474
1474
54
1474
1474
1474
54
1474
1474
1474
54
1474
1474
1474
1474
1474
54
1474
1474
1474
54
1474
1474
54
1474
1474
1474
54
1474
1474
54
1474
1474
1474
54
1474
1474
1474
54
1474
1474
1474
1474
54
1474
1474
54
1474
1474
1474
54
54
1474
1474
1474
54
1474
1474
1474
54
1474
1474
1474
54
1474
1474
54
1474
1474
1474
54
1474
54
1474
1474
54
1474
1474
54
1474
1474
54
1474
1474
1474
54
54
1474
1474
1474
1474
54
54
1474
1474
1474
54
1474
1474
1474
1474
1474
54
54
1474
1474
1474
54
54
1474
1474
54
1474
54
1474
1474
1474
54
1474
1474
54
1474
1474
1474
54
54
1474
66
1474
1474
66
66
1474
1474
74
74
1474
1474
74
74
1474
1474
1474
74
74
66
1474
1474
74
74
1474
1474
1474
1474
1474
1474
1474
74
66
66
82
74
74
82
1474
82
1474
1474
1474
1474
82
82
82
90
1474
1474
90
90
1474
1474
90
90
1474
1474
1474
1474
90
90
90
90
1474
1474
1474
90
90
90
1474
1474
90
90
1474
1474
1474
1474
90
90
90
90
1474
1474
1474
1474
1474
1474
1474
1474
1474
90
90
90
90
90
90
90
90
90
66
1474
1474
1474
90
90
90
1474
1474
1474
1474
1474
1474
1474
1474
1474
90
90
90
90
90
90
90
90
90
1474
1474
1474
1474
1474
82
82
90
90
82
1474
1474
1474
82
90
90
1474
1474
1474
82
90
90
1474
90
1474
82
1474
1474
1474
74
82
66
1474
1474
66
74
1474
74
1474
74
1474
1474
66
66
1474
66
1474
66
1474
66
1474
66
1474
66
1474
66
1474
66
1474
1474
66
66
1474
66
1474
1474
66
66
1474
231
1474
54
54
1474
1474
1474
54
1474
1474
54
1474
54
1346
1474
1474
54
1474
1474
54
1474
1474
54
1474
1474
1474
1474
54
1474
1474
54
1474
1474
54
1474
1474
54
1474
1474
54
1474
1474
54
1474
54
1474
54
1474
1474
54
1474
1474
54
1474
1474
54
1474
1474
54
1474
1474
54
1474
1474
54
1474
1474
54
1474
1474
1474
54
1474
54
1474
1474
1474
54
1474
54
1474
1474
54
1474
1474
1474
54
1474
54
1474
1474
54
1474
1474
54
1474
1474
54
1474
1474
1474
1474
1474
1474
1474
1474
1474
1474
1474
1474
54
1474
1474
54
1474
1474
1474
1474
1474
54
1474
1474
54
1474
1474
54
1474
1474
54
1474
1474
54
1474
1474
54
1474
1474
54
1474
1474
54
1474
1474
1474
54
1474
54
1474
1474
1474
1474
54
1474
1474
1474
1474
1474
1474
1474
1474
1474
1474
1474
1474
54
54
1474
1474
1474
1474
54
1474
1474
1474
1474
54
54
1474
1474
1474
54
54
1474
1474
1474
54
1474
1474
1474
54
1474
1474
1474
54
1474
1474
54
1474
1474
1474
1474
1474
1474
54
54
1474
1474
54
1474
1474
1474
1474
1474
1474
1474
1474
1474
54
54
1474
1474
1474
54
1474
1474
1474
54
1474
1474
54
54
1474
1474
1474
54
1474
54
1474
1474
1474
54
1474
54
1474
1474
1474
54
1474
1474
1474
1474
1474
1474
54
54
1474
1474
1474
1474
1474
1474
54
54
1474
1474
1474
1474
54
54
1474
54
1474
1474
54
1474
1474
1474
1474
54
54
1474
1474
1474
1474
54
54
1474
1474
1474
1474
54
54
1474
1474
1474
1474
1474
54
54
1474
1474
54
1474
54
1474
1474
54
1474
1474
54
1474
1474
1474
1474
1474
54
54
1474
1474
1474
1474
54
54
1474
1474
1474
1474
54
54
1474
1474
54
1474
1474
1474
1474
54
54
1474
1474
1474
54
54
1474
1474
1474
1474
1474
54
54
1474
1474
1474
1474
1438
54
54
1474
1474
54
1474
1474
1474
54
1474
1474
1474
54
1474
1474
1474
1474
1474
54
1474
1474
54
1474
54
1474
1474
54
1474
1474
54
1474
1474
54
1474
1474
1474
1474
54
1474
1474
1474
1474
54
1474
1474
54
1474
1474
54
1474
1474
1474
54
1474
1474
1474
54
1474
1474
54
1474
1474
54
1474
1474
1474
54
1474
54
1474
1474
54
1474
1474
54
1474
1474
1474
54
1474
1474
54
1474
54
1474
1474
54
1474
1474
1474
1474
1474
54
1474
1474
54
1474
1474
66
54
54
1474
1474
54
1474
1474
1474
54
1474
1474
54
1474
1474
54
1474
1474
54
1474
1474
1474
1474
54
1474
1474
54
1474
1474
1474
54
1474
54
1474
1474
54
1474
1474
1474
54
1474
1474
54
1474
54
1474
1474
1474
54
1474
54
1474
1474
1474
1474
1474
1474
54
1474
1474
1474
54
1474
1474
1474
54
1474
1474
54
1474
1474
54
1474
1474
54
1474
1474
1474
1474
1474
1474
1474
1474
1474
54
1474
1474
1474
1474
54
1474
54
1474
1474
1474
1474
54
1474
1474
1474
1474
54
1474
1474
54
1474
1474
54
1474
1474
54
1474
1474
1474
1474
1474
1474
1474
54
1474
1474
1474
1474
1474
54
1474
1474
1474
1474
1474
54
1474
1474
1474
1474
54
1474
1474
54
1474
1474
1474
1474
1474
54
1474
1474
54
1474
1474
1474
54
1474
54
1474
1474
1474
1474
54
1474
1474
54
1474
1474
1474
54
1474
1474
1474
54
1474
1474
54
1474
1474
1474
54
1474
1474
1474
1474
54
1474
1474
54
1474
1474
1474
54
1474
1474
1474
54
1474
1474
54
1474
1474
54
1474
1474
54
1474
1474
54
1474
1474
54
247
1474
1474
1474
54
1474
1474
54
1474
1474
1474
1474
54
1474
1474
54
1474
1474
1474
1474
54
1474
1474
1474
1474
1474
54
1474
1474
1474
54
1474
1474
1474
1474
1474
54
1474
1474
1474
1474
1474
1474
1474
1474
54
1474
1474
1474
1474
54
1474
1474
1474
1474
1474
54
1474
1474
1474
1474
54
1474
1474
1474
1474
1474
54
1474
1474
54
1474
54
1474
1474
54
1474
1474
54
1474
1474
1474
1474
54
1474
1474
54
1474
1474
54
1474
1474
1474
54
1474
1474
1474
1474
54
1474
1474
1474
1474
54
1474
1474
54
1474
1474
1474
54
1474
1474
1474
1474
54
1474
1474
54
1474
1474
54
1474
1474
54
1474
1474
1474
54
1474
1474
1474
1474
54
1474
1474
1474
1474
54
1474
1474
54
1474
1474
1474
54
1474
1474
1474
54
1474
1474
54
1474
1474
54
1474
54
1474
1474
1474
54
1474
1474
54
1474
1474
1474
54
1474
1474
54
1474
1474
54
1474
1474
54
1474
1474
1474
54
1474
54
1474
1474
54
1474
1474
54
1474
1474
1474
1474
54
1474
1474
1474
54
1474
54
1474
1474
1474
54
1474
54
1474
1474
54
1474
1474
1474
1474
54
1474
1474
1474
54
1474
54
1474
1474
54
1474
1474
1474
54
1474
1474
1474
1474
1474
1474
1474
1474
1474
1474
1474
1474
1474
1474
1474
1474
54
1474
1474
1474
1474
1474
1474
1474
54
1474
1474
54
1474
1474
1474
54
1474
1474
54
1474
54
1474
1474
54
1474
1474
1474
54
1474
1474
54
1474
1474
54
1474
54
1474
1474
1474
54
1474
1474
1474
54
1474
1474
1474
1474
54
1474
1474
1474
54
1474
1474
54
1474
54
1474
1474
54
1474
1474
1474
1474
1474
54
1474
1474
1474
1474
54
1474
1474
1474
54
1474
1474
54
1474
1474
1474
1474
54
1474
1474
1474
1474
54
1474
1474
54
1474
1474
1474
1474
1474
54
1474
1474
1474
1474
1474
1474
1474
54
1474
1474
1474
54
1474
1474
1474
54
1474
1474
1474
1474
54
1474
1474
1474
54
1474
1474
1474
54
1474
1474
1474
1474
1474
1474
54
1474
1474
1474
1474
54
1474
1474
54
1474
1474
1474
1474
1474
1474
1474
54
1474
1474
1474
1474
1474
1474
1474
1474
1474
1474
54
1474
1474
1474
54
1474
1474
1474
54
1474
1474
54
1474
1474
54
1474
54
1474
1474
54
1474
1474
54
1474
1474
54
1474
1474
1474
1474
1474
1474
1474
1474
54
1474
1474
1474
1474
54
1474
1474
1474
1474
1474
54
1474
1474
54
1474
1474
1474
54
1474
1474
54
1474
1474
1474
54
1474
54
1474
1474
1474
54
1474
1474
54
1474
54
1474
1474
54
1474
1474
1474
54
1474
1474
1474
54
1474
1474
54
1474
1474
1474
54
1474
54
1474
1474
1474
54
1474
1474
54
1474
54
1474
1474
1474
54
1474
54
1474
1474
54
1474
1474
54
54
1474
1474
1474
54
1474
1474
1474
1474
1474
1474
1474
54
1474
1474
1474
1474
54
1474
1474
1474
54
1474
1474
1474
54
1474
1474
54
1474
1474
1474
1474
1474
1474
54
1474
1474
54
1474
1474
1474
54
1474
1474
54
1474
1474
54
1474
1474
54
1474
1474
1474
54
1474
1474
1474
1474
1474
1474
1474
1474
54
1474
1474
1474
1474
54
1474
1474
1474
1474
54
1474
1474
54
1474
1474
1474
54
1474
1474
54
1474
54
1474
1474
1474
54
1474
1474
54
1474
1474
1474
54
1474
1474
1474
1474
54
1474
1474
54
1474
1474
54
1474
1474
1474
1474
54
1474
1474
1474
54
1474
54
1474
1474
1474
1474
1474
54
1474
1474
1474
1474
1474
1474
1474
1474
1474
1474
54
1474
1474
1474
1474
1474
1474
1474
1474
54
1474
1474
1474
1474
54
1474
1474
1474
1474
54
1474
1474
54
1474
1474
54
1474
1474
54
1474
54
1474
1474
54
1474
1474
1474
54
1474
1474
54
1474
1474
1474
54
1474
1474
54
1474
1474
1474
54
1474
54
1474
1474
54
1474
1474
1474
54
1474
1474
54
1474
1474
54
1474
1474
54
1474
54
1474
1474
54
1474
1474
1474
54
1474
54
1474
1474
1474
1474
1474
54
1474
1474
54
1474
54
1474
1474
54
1474
1474
54
1474
1474
1474
54
1474
54
1474
1474
1474
54
1474
54
1474
1474
1474
54
1474
1474
54
1474
54
1474
1474
54
1474
1474
1474
54
1474
1474
54
1474
1474
1474
54
1474
1474
1474
54
1474
54
1474
1474
54
1474
1474
54
1474
1474
54
1474
1474
1474
54
1474
1474
1474
1474
54
1474
1474
1474
54
1474
1474
1474
54
1474
54
1474
1474
54
1474
1474
54
1474
1474
54
1474
1474
1474
54
1474
54
1474
1474
1474
1474
54
1474
1474
1474
1474
54
1474
1474
54
1474
1474
1474
54
1474
1474
54
1474
1474
1474
54
1474
1474
1474
54
1474
1474
1474
1474
1474
54
1474
1474
1474
54
1474
1474
54
1474
1474
1474
1474
54
1474
1474
1474
54
1474
1474
54
1474
1474
1474
54
1474
1474
54
1474
1474
1474
54
1474
1474
1474
1474
1474
1474
1474
1474
1474
54
1474
1474
1474
1474
54
1474
1474
54
1474
54
1474
1474
1474
1474
1474
1474
1474
1474
1474
1474
1474
1474
54
1474
1474
1474
54
1474
1474
1474
1474
1474
1474
54
1474
1474
1474
1474
1474
1474
1474
54
1474
1474
1474
1474
54
1474
1474
1474
1474
1474
54
1474
54
1474
1474
54
1474
1474
1474
54
1474
1474
1474
54
1474
1474
1474
1474
54
1474
1474
54
1474
1474
1474
1474
1474
1474
54
1474
1474
54
1474
1474
1474
54
1474
1474
54
1474
1474
1474
54
1474
1474
1474
54
1474
1474
1474
54
1474
1474
1474
1474
54
1474
1474
54
1474
1474
1474
54
1474
1474
54
1474
1474
1474
54
1474
1474
1474
1474
1474
1474
54
1474
1474
1474
54
1474
1474
1474
54
1474
1474
1474
54
1474
1474
54
1474
1474
1474
54
1474
1474
1474
54
1474
1474
54
1474
54
1474
1474
54
1474
1474
54
1474
1474
54
1474
1474
54
1474
1474
54
1474
1474
1474
54
1474
1474
54
1474
1474
54
1474
1474
54
1474
1474
54
1474
54
1474
1474
54
1474
1474
1474
54
1474
192
1474
1474
54
54
1474
1474
1474
1474
1474
54
1474
54
1474
1474
1474
1474
54
1474
1474
1474
1474
1474
1474
1474
1474
1474
1474
1474
1474
1474
1474
54
1474
1474
54
1474
1474
54
1474
1474
54
1474
1474
54
1474
1474
1474
54
1474
54
1474
1474
1474
1474
54
1474
1474
1474
54
1474
54
1474
1474
1474
1474
1474
1474
54
1474
1474
54
1474
1474
1474
54
1474
1474
1474
54
1474
1474
54
1474
1474
54
1474
1474
1474
1474
54
1474
1474
54
1474
1474
1474
54
1474
54
1474
1474
1474
54
1474
710
54
268
161
54
1474
239
54
651
54
66
66
54
279
1474
54
1474
54
192
54
268
161
54
1474
159
1131
1344
54
1474
1474
54
1474
1474
54
1474
1474
1474
1474
54
1474
1474
1474
1474
1474
1474
1474
1474
54
1474
1474
1474
1474
54
1474
1474
1474
1474
54
1474
1474
54
1474
1474
54
1474
1474
1474
54
1474
1474
1474
1474
54
1474
1474
1474
54
1474
1474
54
1474
1474
1474
1474
54
1474
1474
1474
54
1474
1474
1474
54
1474
1474
1474
54
1474
1474
1474
1474
1474
1474
54
1474
1474
54
1474
1474
1474
54
1474
1474
1474
1474
54
1474
1474
54
1474
1474
1474
1474
54
1474
1474
1474
1474
54
1474
1474
54
1474
1474
1474
54
1474
1474
1474
54
1474
1474
1474
54
1474
54
1474
1474
1474
54
1474
1474
54
1474
1474
1474
1474
54
1474
54
1474
1474
1474
54
1474
1474
1474
54
1474
1474
1474
54
1474
1474
54
1474
1474
54
1474
54
1474
1474
1474
54
1474
1474
54
1474
1474
54
1474
1474
54
1474
54
1474
1474
1474
54
1474
1474
54
1474
1474
1474
54
1474
1474
54
1474
1474
1474
54
1474
54
1474
1474
1474
1474
54
1474
1474
54
1474
1474
54
1474
1474
54
1474
1474
1474
54
1474
54
1474
1474
54
1474
1474
54
1474
1474
54
1474
1474
1474
54
1474
54
1474
1474
54
1474
1474
1474
1474
1474
54
1474
1474
1474
54
1474
1474
54
1474
1474
54
1474
1474
54
1474
1474
1474
54
1474
1474
54
1474
1474
1474
1474
1474
54
1474
1474
1474
54
1474
1474
54
1474
54
1474
1474
1474
54
1474
1474
54
1474
1474
54
1474
1474
1474
1474
1474
54
1474
1474
1474
54
1474
1474
1474
54
1474
1474
1474
1474
54
1474
1474
1474
54
1474
54
1474
1474
1474
54
1474
54
1474
1474
1474
54
1474
54
1474
1474
1474
54
1474
1474
54
1474
1474
1474
54
1474
1474
1474
54
1474
1474
54
1474
1474
1474
54
1474
1474
1474
54
1474
54
1474
1474
54
1474
1474
1474
54
1474
54
1474
1474
1474
1474
54
1474
1474
1474
1474
54
1474
1474
1474
1474
1474
1474
1474
1474
1474
54
1474
1474
1474
1474
54
1474
1474
54
1474
1474
1474
54
1474
1474
54
1474
1474
54
1474
1474
1474
1474
1474
54
1474
54
1474
1474
54
1474
1474
1474
54
1474
54
1474
1474
1474
1474
54
1474
1474
1474
1474
1474
1474
1474
1474
1474
54
1474
1474
54
1474
1474
1474
1474
54
1474
54
1474
1474
1474
1474
54
1474
1474
54
1474
1474
54
1474
1474
54
1474
1474
1474
54
1474
1474
1474
1474
1474
1474
54
1474
1474
1474
1474
54
1474
54
1474
1474
1474
54
1474
1474
1474
1474
1474
54
1474
569
54
587
54
66
66
54
279
1474
54
1474
54
192
54
268
608
335
100
161
54
1474
159
155
54
128
92
100
54
100
54
54
100
54
128
134
100
54
100
610
1045
54
54
54
54
130
92
100
54
100
555
54
54
54
1346
1474
1474
54
1474
1474
1474
54
1474
1474
54
1474
54
1474
1474
1474
54
1474
1474
54
1474
1474
54
1474
1474
54
1474
1474
1474
1474
1474
54
1474
1474
1474
1474
54
1474
1474
54
1474
1474
54
1474
1474
54
1474
1474
1474
54
1474
1474
1474
54
1474
1474
54
1474
1474
54
1474
1474
1474
1474
54
1474
1474
54
1474
1474
1474
54
1474
54
1474
1474
1474
54
1474
1474
54
1474
54
1474
1474
1474
1474
54
1474
1474
1474
1474
54
1474
1474
1474
54
1474
1474
54
1474
54
1474
1474
1474
1474
54
1474
1474
54
1474
1474
1474
54
1474
54
1474
1474
1474
54
1474
1474
1474
54
1474
1474
1474
54
1474
1474
54
1474
1474
54
1474
54
1474
1474
54
1474
1474
1474
1474
54
1474
1474
1474
54
1474
1474
54
1474
54
1474
1474
1474
54
1474
1474
1474
1474
54
1474
1474
54
1474
1474
54
1474
1474
54
1474
1474
1474
54
1474
1474
54
1474
1474
1474
54
1474
1474
54
1474
1474
54
1474
54
1474
1474
54
1474
1474
54
1474
1474
54
1474
1474
1474
54
1474
1474
1474
1474
1474
1474
54
1474
1474
1474
1474
1474
1474
1474
1474
1474
54
1474
1474
1474
54
1474
1474
1474
54
1474
1474
54
1474
1474
1474
54
1474
54
1474
1474
54
1474
1474
54
1474
1474
54
1474
1474
1474
1474
1474
1474
1474
1474
54
1474
1474
1474
1474
1474
1474
1474
1474
1474
1474
54
1474
1474
1474
1474
1474
54
1474
1474
54
1474
1474
1474
54
1474
1474
54
1474
1474
1474
1474
54
1474
1474
1474
54
1474
54
1474
1474
54
1474
1474
54
1474
1474
54
1474
1474
1474
1474
54
1474
1474
1474
54
1474
1474
54
1474
54
1474
1474
54
1474
1474
54
1474
1474
54
1474
1474
1474
1474
54
1474
1474
54
1474
1474
1474
54
1474
1474
54
1474
1474
54
1474
54
1474
1474
1474
1474
54
1474
1474
54
1474
1474
1474
54
1474
54
1474
1474
1474
1474
54
1474
1474
54
1474
1474
54
1474
1474
54
1474
1474
54
1474
1474
1474
1474
54
1474
1474
1474
54
1474
54
1474
1474
1474
54
1474
54
1474
1474
54
1474
1474
1474
54
1474
1474
1474
54
1474
1474
1474
54
1474
1474
1474
54
1474
1474
1474
1474
1474
1474
1474
1474
1474
1474
1474
1474
1474
1474
54
1474
1474
1474
54
1474
1474
54
1474
54
1474
1474
1474
1474
1474
1474
54
1474
1474
1474
1474
54
1474
1474
1474
54
1474
1474
54
1474
54
1474
1474
1474
1474
54
1474
1474
54
1474
1474
1474
54
1474
54
1474
1474
54
1474
1474
1474
54
1474
1474
54
1474
1474
54
1474
1474
54
1474
54
1474
1474
54
1474
1474
54
1474
1474
1474
54
1474
54
1474
1474
1474
1474
1474
54
1474
1474
54
1474
1474
1474
1474
54
1474
1474
1474
54
1474
1474
54
1474
1474
1474
54
1474
1474
1474
54
1474
1474
1474
54
1474
54
1474
1474
1474
54
1474
1474
54
1474
54
1474
1474
1474
54
1474
1474
54
1474
1474
1474
54
1474
1474
1474
54
1474
1474
1474
1474
1474
1474
1474
54
1474
1474
54
1474
1474
1474
1474
1474
54
1474
1474
1474
54
1474
1474
54
1474
1474
1474
54
1474
1474
54
1474
1474
1474
1474
1474
1474
1474
1474
54
1474
1474
1474
54
1474
1474
1474
54
1474
1474
54
1474
1474
54
1474
54
1474
1474
54
1474
1474
54
1474
1474
1474
1474
54
1474
1474
54
1474
1474
1474
54
1474
1474
54
1474
1474
54
1474
54
1474
1474
54
1474
1474
1474
54
1474
1474
1474
1474
1474
1474
1474
1474
1474
54
1474
1474
1474
1474
1474
54
1474
1474
54
1474
1474
1474
54
1474
1474
54
1474
1474
1474
1474
54
1474
1474
1474
1474
54
1474
1474
54
1474
1474
1474
1474
54
1474
1474
1474
54
1474
1474
1474
1474
1474
1474
1474
54
1474
1474
1474
1474
54
1474
1474
1474
1474
1474
1474
54
1474
1474
1474
1474
54
1474
1474
54
1474
1474
1474
54
1474
1474
54
1474
1474
54
1474
54
1474
1474
54
1474
1474
1474
54
1474
1474
54
1474
1474
1474
54
1474
1474
1474
54
1474
1474
54
1474
1474
54
1474
54
1474
1474
1474
54
1474
54
1474
1474
1474
54
1474
1474
54
1474
54
1474
1474
54
1474
1474
54
1474
1474
1474
54
1474
54
1474
1474
54
1474
1474
1474
54
1474
54
1474
1474
1474
1474
54
1474
1474
1474
1474
54
1474
1474
54
1474
1474
1474
54
1474
54
1474
1474
1474
54
1474
54
1474
1474
1474
54
1474
1474
1474
1474
54
1474
1474
1474
54
1474
1474
54
1474
1474
54
1474
1474
1474
54
1474
1474
1474
54
1474
1474
54
1474
1474
1474
1474
1474
1474
1474
1474
1474
1474
1474
1474
1474
1474
1474
54
1474
1474
1474
1474
1474
1474
1474
1474
1474
1474
1474
1474
1474
1474
1474
1474
1474
54
1474
1474
1474
1474
1474
1474
1474
1474
1474
1474
1474
1474
1474
1474
1474
54
1474
54
1474
1474
54
1474
1474
54
1474
1474
54
1474
1474
1474
54
1474
54
1474
1474
54
1474
1474
54
1474
1474
54
1474
1474
54
1474
1474
54
1474
1474
54
1474
1474
54
1474
1474
1474
1474
54
1474
1474
54
1474
1474
54
1474
1474
54
1474
1474
54
1474
1474
1474
1474
54
1474
1474
54
1474
1474
1474
54
1474
54
1474
1474
1474
54
1474
1474
1474
1474
1474
54
1474
1474
54
1474
1474
1474
54
1474
1474
54
1474
1474
1474
54
1474
1474
1474
54
1474
1474
1474
54
1474
1474
1474
1474
1474
1474
54
1474
1474
54
1474
1474
1474
1474
1474
1474
54
1474
1474
54
1474
1474
1474
54
1474
1474
54
1474
1474
54
1474
1474
54
517
1474
54
1474
1474
1474
1474
54
1474
1474
54
1474
1474
1474
1474
1474
1474
1474
1474
1474
1474
54
1474
1474
1474
1474
1474
54
1474
1474
1474
1474
54
1474
1474
54
1474
1474
54
1474
54
1474
1474
54
1474
1474
1474
54
1474
1474
1474
54
1474
1474
1474
54
1474
1474
1474
1474
1474
54
1474
1474
1474
54
1474
54
1474
1474
54
1474
1474
1474
1474
54
1474
1474
1474
54
1474
1474
54
1474
54
1474
1474
1474
54
1474
1474
54
1474
1474
54
1474
1474
54
1474
54
1474
1474
54
1474
1474
1474
54
1474
1474
54
1474
1474
1474
54
1474
1474
1474
54
1474
1474
1474
54
1474
1474
54
1474
1474
1474
1474
54
1474
1474
1474
1474
1474
54
1474
1474
1474
1474
1474
1474
1474
54
1474
1474
1474
54
1474
1474
1474
54
1474
1474
54
1474
1474
54
1474
1474
54
1474
1474
1474
1474
54
1474
1474
54
1474
1474
1474
54
1474
1474
1474
1474
1474
1474
1474
1474
1474
54
1474
1474
1474
54
1474
1474
1474
54
1474
1474
54
1474
1474
1474
54
1474
1474
54
1474
1474
54
1474
54
1474
1474
1474
1474
1474
1474
54
1474
1474
54
1474
1474
1474
54
1474
1474
54
1474
1474
1474
54
1474
1474
54
1474
1474
1474
1474
1474
54
1474
1474
1474
1474
1474
1474
1474
1474
54
1474
1474
1474
54
1474
1474
1474
54
1474
1474
388
54
1474
1474
1474
54
1474
1474
54
1474
1474
1474
1474
54
1474
1474
54
1474
1474
315
1474
54
1474
1474
54
1474
1474
1474
1474
1474
1474
54
1474
1474
1474
1474
54
1474
1474
1474
54
1474
1474
54
1474
1474
1474
54
1474
1474
54
54
1474
1474
54
1474
1474
1474
1474
1474
1474
1474
1474
54
1474
1474
1474
1474
54
1474
1474
1474
54
1474
1474
54
1474
1474
128
138
54
54
100
1474
54
1474
1474
1474
54
1474
1474
1474
1474
1474
54
1474
1474
54
1474
1474
54
1474
1474
54
1474
1474
54
1474
1474
1474
1474
54
1474
1474
1474
54
1474
54
1474
1474
1474
54
1474
1474
54
1474
1474
1474
1474
54
1474
1474
54
1474
54
1474
1474
1474
54
1474
1474
54
1474
1474
54
1474
1474
1474
54
1474
1474
1474
54
1474
1474
54
1474
1474
1474
54
1474
1474
54
1474
1474
1474
1474
54
1474
1474
54
1474
1474
54
1474
1474
1474
1474
54
1474
1474
1474
54
1474
1474
54
1474
1474
1474
54
1474
1474
1474
1474
1474
1474
54
1474
1474
1474
54
1474
1474
54
1474
1474
1474
54
1474
1474
1474
1474
1474
54
1474
54
1474
1474
1474
54
1474
1474
54
1474
1474
54
1474
1474
1474
54
1474
1474
1474
54
1474
1474
1474
1474
1474
1474
54
1474
1474
1474
1474
54
1474
1474
54
1474
54
1474
1474
1474
1474
1474
54
1474
1474
1474
1474
54
1474
1474
1474
1474
1474
1474
54
1474
1474
1474
1474
1474
54
1474
1474
1474
54
1474
1474
1474
1474
54
1474
1474
54
1474
54
1474
1474
1474
54
1474
1474
54
1474
1474
1474
1474
1474
1474
1474
1474
1474
54
1474
1474
1474
54
1474
1474
54
1474
1474
1474
54
1474
1474
54
1474
1474
54
1474
1474
1474
54
1474
54
1474
1474
1474
1474
54
1474
1474
1474
1474
1474
54
1474
1474
1474
54
1474
1474
54
1474
1474
54
1474
1474
1474
1474
1474
54
1474
1474
1474
1474
1474
54
1474
1474
54
1474
1474
54
1474
1474
1474
54
1474
1474
1474
54
1474
1474
1474
54
1474
1474
1474
54
1474
1474
54
1474
1474
1474
1474
54
1474
1474
54
1474
1474
54
1474
1474
1474
54
1474
54
1474
1474
54
1474
1474
54
1474
1474
54
1474
1474
54
1474
1474
1474
54
1474
54
1474
1474
1474
1474
54
1474
1474
1474
54
1474
1474
54
1474
1474
1474
54
1474
1474
1474
54
1474
1474
54
1474
1474
54
1474
54
1474
1474
1474
1474
1474
54
1474
1474
1474
54
1474
1474
1474
1474
1474
54
1474
1474
1474
1474
1474
1474
1474
1474
1474
1474
66
66
66
66
66
66
66
66
66
66
1474
1474
1474
66
66
66
1474
1474
1474
66
74
74
1474
1474
74
74
1474
1474
74
74
1474
1474
74
74
1474
1474
74
74
1474
1474
74
74
1474
1474
1474
1474
1474
74
74
74
74
74
1474
1474
1474
74
74
74
1474
1474
74
74
1474
1474
1474
1474
74
74
74
74
1474
1474
1474
1474
1474
74
74
74
74
74
1474
1474
1474
74
74
74
1474
1474
1474
74
74
74
1474
54
1474
74
74
1474
1474
1474
74
74
74
1474
1474
66
66
1474
1474
1474
66
66
66
1474
66
1474
1474
1474
66
66
66
1474
1474
1474
66
66
54
1474
54
1474
1474
1474
1474
1474
1474
54
1474
1474
54
1474
1474
54
1474
1474
54
1474
1474
54
1474
1325
54
54
531
54
128
92
100
54
100
54
55
66
186
100
802
54
54
100
131
461
100
54
100
1345
54
1474
1474
54
1474
1474
54
1474
1474
1474
54
1474
1474
1474
54
1474
1474
1474
1474
54
1474
1474
1474
1474
1474
54
1474
1474
1474
1474
54
1474
1474
1474
1474
1474
1474
54
1474
1474
1474
1474
1474
1474
54
1474
1474
1474
1474
54
1474
1474
54
1474
54
1474
1474
1474
54
1474
1474
54
1474
1474
54
1474
1474
54
1474
1474
1474
54
1474
1474
54
1474
1474
1474
1474
1474
1474
1474
1474
54
1474
1474
1474
1474
1474
1474
1474
1474
1474
54
1474
1474
54
1474
1474
1474
1474
54
1474
1474
1474
1474
1474
1474
1474
54
1474
1474
1474
1474
54
1474
1474
1474
54
1474
54
1474
1474
1474
54
1474
54
1474
1474
54
1474
1474
1474
54
1474
54
1474
1474
54
1474
1474
1474
54
1474
54
1474
1474
54
1474
1474
1474
54
1474
1474
54
1474
54
1474
1474
54
1474
1474
1474
54
1474
54
1474
1474
1474
1474
54
1474
1474
1474
1474
1474
54
1474
1474
1474
1474
54
1474
1474
54
1474
1474
1474
54
1474
1474
54
1474
1474
1474
54
1474
1474
54
1474
1474
54
1474
54
1474
1474
1474
1474
54
1474
1474
54
1474
1474
54
1474
1474
54
1474
1474
1474
54
1474
1474
54
1474
1474
54
1474
1474
1474
54
1474
1474
54
1474
1474
1474
1474
54
1474
1474
1474
1474
54
1474
1474
54
1474
1474
1474
54
1474
1474
54
1474
1474
1474
54
1474
1474
54
1474
1474
1474
54
1474
1474
1474
1474
54
1474
1474
54
1474
54
1474
1474
1474
1474
1474
54
1474
1474
1474
54
1474
1474
1474
1474
54
1474
1474
1474
54
1474
1474
1474
1474
1474
1474
54
1474
1474
1474
54
1474
1474
1474
54
1474
1474
54
1474
54
1474
1474
1474
54
1474
1474
1474
1474
54
1474
54
1474
1474
54
1474
1474
1474
54
1474
54
1474
1474
1474
1474
54
1474
1474
54
1474
1474
1474
1474
54
1474
1474
1474
1474
54
1474
1474
1474
54
1474
1474
1474
54
1474
1474
1474
1474
54
1474
1474
1474
1474
54
1474
1474
1474
1474
54
1474
1474
54
1474
1474
1474
1474
1474
54
1474
1474
1474
54
1474
1474
54
1474
1474
1474
54
1474
54
1474
1474
1474
1474
54
1474
1474
1474
1474
1474
1474
1474
54
1474
1474
1474
1474
54
1474
1474
1474
54
1474
1474
54
1474
1474
54
1474
1474
54
1474
1474
1474
1474
54
1474
1474
54
1474
1474
1474
1474
54
1474
1474
1474
1474
1474
1474
1474
54
1474
1474
1474
1474
1474
54
1381
54
1346
1474
1474
54
1474
1474
1474
1474
1474
54
1474
1474
1474
1474
54
1474
54
1474
1474
1474
1474
54
1474
1474
54
1474
1474
1474
54
1474
54
1474
1474
1474
1474
54
1474
1474
54
1474
1474
54
1474
1474
1474
54
1474
1474
1474
1474
1474
1474
54
1474
1474
1474
54
1474
1474
1474
54
1474
1474
54
1474
1474
54
1474
1474
1474
54
1474
1474
1474
1474
54
1474
1474
54
1474
1474
1474
54
1474
54
1474
1474
54
1474
1474
54
1474
1474
54
1474
1474
1474
54
1098
54
1474
1474
1474
54
1474
1474
54
1474
54
1474
1474
1474
54
1474
1474
54
1474
54
1474
1474
1474
54
1474
1474
1474
54
1474
1474
1474
54
1474
1474
54
1474
1474
54
1474
54
1474
1474
54
1474
1474
54
1474
1474
54
1474
1474
54
1474
1474
1474
54
1474
1474
54
1474
1474
1474
54
1474
1474
1474
54
1474
1474
54
1474
1474
54
1474
1474
54
1474
1474
54
1474
54
1474
1474
1474
1474
54
1474
1474
1474
54
1474
54
1474
1474
1474
54
1474
54
1474
1474
1474
1474
54
1474
1474
1474
1474
54
1474
1474
54
1474
1474
54
1474
1474
54
1474
1474
1474
54
1474
1474
54
1474
1474
54
1474
1474
1474
1474
1474
1474
1474
1474
54
1474
1474
1474
54
1474
1474
1474
54
1474
1474
1474
54
1474
1474
54
1474
1474
54
1474
1474
54
1474
1474
54
1474
1474
54
1474
1474
54
1474
1474
1474
1474
1474
1474
1474
1474
1474
54
1474
1474
1474
1474
54
1474
1474
54
1474
1474
1474
54
1474
1474
1474
1474
54
1474
1474
1474
54
1474
1474
1474
1474
54
1474
54
1474
1474
54
1474
1474
1474
1474
54
1474
1474
1474
54
1474
1474
54
1474
1474
1474
54
1474
1474
54
1474
1474
1474
1474
54
1474
1474
1474
54
1474
54
1474
1474
54
1474
1474
1474
1474
1474
1474
1474
1474
1474
54
1474
1474
1474
1474
1474
1474
54
1474
1474
54
1474
1474
1474
54
1474
1474
54
1474
1474
1474
54
1474
1474
54
1474
1474
54
1474
1474
1474
54
1474
1474
54
1474
1474
54
1474
1474
1474
54
1474
54
1474
1474
54
1474
1474
1474
1474
54
1474
1474
1474
54
1474
1474
54
1474
1474
1474
54
1474
1474
1474
1474
1474
1474
54
1474
1474
1474
1474
54
1474
1474
54
1474
1474
54
1474
1474
54
1474
1474
54
1474
1474
1474
1474
54
1474
1474
1474
54
1474
54
1474
1474
54
1474
1474
54
1474
1474
54
1474
1474
1474
54
1474
54
1474
1474
54
1474
1474
1474
54
1474
54
1474
1474
54
1474
1474
54
1474
1474
54
1474
1474
54
1474
1474
54
1474
1474
54
1474
1474
54
1474
1474
54
1474
1474
1474
1474
1474
1474
1474
1474
1474
1474
1474
1474
1474
54
1474
1474
54
1474
1474
54
1474
1474
54
1474
1474
1474
54
1474
1474
1474
54
1474
1474
54
1474
1474
1474
1474
54
1474
1474
1474
54
1474
1474
54
1474
1474
54
1474
1474
54
1474
1474
1474
54
1474
54
1474
1474
1474
54
1474
54
1474
1474
1474
1474
54
1474
1474
1474
54
1474
1474
54
1474
1474
1474
1474
54
1474
1474
54
1474
54
1474
1474
54
1474
1474
1474
54
1474
54
1474
1474
54
1474
1474
54
1474
1474
1474
54
1474
1474
1474
1474
1474
1474
1474
1474
1474
1474
1474
1474
54
1474
1474
1474
1474
1474
1474
1474
1474
1474
54
1474
1474
1474
1474
1474
1474
1474
1474
1474
54
1474
1474
1474
1474
1474
54
1474
1474
1474
54
1474
1474
54
1474
1474
1474
54
1474
1474
54
1474
1474
1474
54
1474
1474
54
1474
1474
54
1474
1474
54
1474
1474
1474
1474
54
1474
1474
1474
54
1474
1474
54
1474
1474
1474
54
1474
54
1474
1474
54
1474
1474
1474
54
1474
54
1474
1474
1474
54
1474
1474
54
1474
54
1474
1474
1474
1474
54
1474
1474
1474
54
1474
1474
54
1474
1474
1474
54
1474
1474
54
1474
1474
54
1474
1474
54
1474
1474
1474
54
1474
54
1474
1474
54
1474
1474
54
1474
1474
54
1474
1474
54
1474
1474
54
1474
1474
54
1474
1474
1474
54
1474
54
1474
1474
54
1474
1474
54
1474
1474
54
1474
1474
1474
1474
54
1474
1474
54
1474
1474
54
1474
1474
54
1474
1474
1474
1474
54
1474
1474
54
1474
1474
1474
54
1474
1474
54
1474
1474
1474
54
1474
1474
54
1474
1474
1474
54
1474
1474
54
1474
1474
54
1474
1474
54
1474
54
1474
1474
1474
54
1474
54
1474
1474
1474
54
1474
1474
54
1474
1474
54
1474
1474
54
1474
54
1474
1474
54
1474
1474
1474
1474
54
1474
1474
1474
54
1474
54
1474
1474
1474
54
1474
54
1474
1474
1474
54
1474
54
1474
1474
1474
1474
54
1474
1474
1474
1474
1474
1474
1474
1474
1474
1474
54
1474
1474
1474
1474
1474
54
1474
1474
1474
1474
54
1474
1474
54
1474
1474
54
1474
1474
1474
54
1474
1474
1474
54
1474
1474
54
1474
54
1474
1474
54
1474
1474
54
1474
1474
1474
54
1474
54
1474
1474
54
1474
1474
54
1474
1474
54
1474
1474
54
1474
1474
1474
54
1474
54
1474
1474
1474
54
1474
54
1474
1474
1474
1474
54
1474
1474
1474
1474
54
1474
1474
1474
1474
1474
1474
1474
1474
1474
1474
54
1474
1474
1474
54
1474
1474
1474
1474
54
1474
1474
1474
1474
54
1474
1474
54
1474
1474
1474
1474
54
1474
54
1474
1474
54
1474
1474
54
1474
1474
1474
1474
1474
1474
1474
54
1474
1474
1474
1474
54
1474
1474
1474
54
1474
1474
54
1474
1474
54
1474
1474
54
1474
1474
1474
54
1474
54
1474
1474
54
1474
1474
54
1474
1474
54
1474
1474
1474
1474
1474
1474
54
1474
1474
1474
1474
54
1474
1474
1474
1474
54
1474
1474
54
1474
1474
1474
1474
54
1474
1474
54
1474
1474
54
1474
1474
54
1474
1474
1474
54
1474
54
1474
1474
54
1474
1474
1474
54
1474
54
1474
1474
1474
54
1474
54
1474
1474
1474
54
1474
1474
54
1474
1474
1474
54
1474
1474
54
1474
1474
1474
54
1474
54
1474
1474
1474
54
1474
1474
54
1474
1474
54
1474
54
1474
1474
1474
1474
54
1474
1474
54
1474
1474
54
1474
1474
54
1474
1474
1474
54
1474
1474
1474
54
1474
1474
1474
1474
54
1474
1474
54
1474
1474
54
1474
1474
54
1474
1474
1474
1474
54
1474
1474
54
1474
1474
1474
54
1474
1474
54
1474
1474
54
1474
1474
54
1474
54
1474
1474
1474
54
1474
54
1474
1474
1474
1474
54
1474
1474
54
1474
1474
1474
1474
54
1474
1474
1474
54
1474
1474
54
1474
1474
1474
1474
54
1474
54
1474
1474
54
1474
1474
1474
54
1474
1474
54
1474
1474
1474
54
1474
1474
1474
54
1474
1474
54
1474
1474
1474
54
1474
1474
1474
54
1474
1474
54
1474
1474
54
1474
1474
54
1474
1474
54
1474
54
1474
1474
54
1474
1474
54
1474
1474
54
1474
1474
54
1474
1474
1474
1474
1474
54
1474
1474
1474
54
1474
1474
54
1474
1474
1474
1474
1474
1474
1474
1474
1474
1474
1474
1474
54
1474
1474
1474
1474
54
1474
1474
54
1474
1474
54
1474
1474
1474
54
1474
54
1474
1474
54
1474
1474
54
1474
1474
1474
54
1474
1474
54
1474
1474
1474
54
1474
1474
54
1474
1474
54
1474
1474
54
1474
1474
1474
54
1474
1474
54
1474
1474
1474
54
1474
1474
1474
1474
54
1474
1474
54
1474
1474
54
1474
1474
54
1474
1474
1474
54
1474
1474
54
1474
1474
54
1474
1474
54
1474
1474
1474
54
1474
1474
1474
54
1474
1474
1474
1474
54
1474
1474
1474
1474
1474
1474
1474
54
1474
1474
1474
1474
1474
1474
1474
1474
1474
1474
1474
1474
1474
54
1474
1474
1474
1474
1474
1474
1474
1474
1474
1474
54
1474
1474
1474
1474
1474
1474
1474
1474
1474
1474
1474
1474
1474
54
1474
1474
1474
1474
1474
54
1474
1474
1474
54
1474
1474
54
1474
1474
1474
54
1474
1474
54
1474
1474
54
1474
1474
54
1474
54
1474
1474
1474
54
1474
1474
1474
1474
1474
54
1474
1474
54
1474
1474
54
1474
1474
54
1474
1474
1474
54
1474
1474
54
1474
1474
1474
54
1474
1474
54
1474
1474
54
1474
1474
1474
1474
54
1474
1474
1474
54
1474
1474
54
1474
1474
54
1474
1474
54
1474
54
1474
1474
54
1474
1474
54
1474
1474
1474
54
1474
1474
1474
54
1474
1474
1474
54
1474
54
1474
1474
1474
1474
1474
54
1474
1474
1474
54
1474
1474
54
1474
1474
1474
54
1474
54
1474
1474
54
1474
1474
54
1474
1474
54
1474
1474
1474
54
1474
54
1474
1474
1474
1474
54
1474
1474
1474
54
1474
1474
1474
1474
1474
54
1474
1474
54
1474
1474
1474
54
1474
54
1474
1474
54
1474
1474
1474
54
1474
1474
54
1474
1474
54
1474
1474
54
1474
54
1474
1474
1474
54
1474
1474
54
1474
1474
54
1474
1474
54
1474
1474
1474
54
1474
1474
54
1474
1474
1474
1474
54
1474
1474
54
1474
1474
1474
54
1474
1474
54
1474
1474
54
1474
1474
54
1474
1474
1474
1474
54
1474
1474
54
1474
1474
1474
1474
1474
1474
1474
1474
54
1474
1474
54
1474
1474
1474
1474
54
1474
54
1474
1474
1474
54
1474
1474
54
1474
1474
54
1474
54
1474
1474
54
1474
1474
54
1474
1474
54
1474
1474
1474
54
1474
54
1474
1474
54
1474
1474
1474
1474
54
1474
1474
1474
54
1474
1474
54
1474
1474
1474
54
1474
1474
54
1474
1474
1474
54
1474
1474
1474
54
1474
1474
1474
54
1474
54
1474
1474
54
1474
1474
1474
54
1474
54
1474
814
54
55
66
525
54
128
92
100
54
100
54
54
54
54
533
504
54
54
128
92
100
105
92
100
54
100
100
54
54
54
54
54
54
54
54
54
54
54
54
54
54
54
54
54
54
54
54
54
54
54
54
54
54
54
54
54
54
54
